2.3912
1.0637
3.6978
-1.1734
2.8867
-2.9745
0.8390
-3.2099
1.4921
3.2649
2.1273
-0.8645
-1.0532
3.1287
-3.4438
-3.0210
0.8672
-3.4882
-3.1354
3.5300
-1.1459
-0.9929
1.0100
-0.9417
-3.0700
-3.4521
-2.8288
-0.8444
3.1714
2.8203
-2.7146
1.1800
3.1705
-2.7110
1.1206
-3.5255
-0.8557
-2.1503
-2.8834
-2.7670
2.7919
0.7831
0.9987
0.7338
-1.0531
-0.9293
-0.2265
3.4426
-3.0927
-0.3346
3.2645
3.0007
-0.7871
-3.6114
-2.6763
-1.1067
1.3606
-0.1944
-2.7473
0.0069
1.0523
-2.1353
-3.1608
2.6297
0.5871
0.9462
-1.3930
2.9176
-3.1241
0.8954
1.2683
-0.2987
-1.2940
2.6482
-0.4094
3.3460
-3.3302
2.7425
0.0916
2.5745
2.5277
1.3882
-0.8389
0.3027
2.8085
0.8756
1.0005
0.5857
3.0657
-3.2923
2.4953
2.5575
-3.0917
0.6117
2.8758
-0.8675
-2.6389
-1.0217
-0.9686
2.7029
-2.9705
-1.3121
-2.4580
-1.3498
1.0050
-2.9472
-2.8079
0.9424
1.0923
1.0528
3.7170
-2.8437
-2.9720
-3.1358
3.7389
-2.6280
3.0535
1.6348
-0.6512
2.4461
-0.9673
0.8716
-0.8021
1.9354
2.9021
-3.3277
-2.4387
0.6767
-3.0121
1.2740
2.6122
3.4549
-0.7920
-0.9216
-2.9462
-1.3243
0.4701
-0.6661
-3.3169
-0.7253
3.3609
-3.2238
-2.8878
1.3553
3.0904
-1.3300
-0.9921
-3.6691
-1.1298
-2.7987
0.3129
0.9212
-1.2500
-2.6552
-3.4281
-1.0491
-3.0702
-0.9880
2.9367
-2.5647
1.2748
0.4012
-2.7283
2.6905
1.4225
1.5717
-2.2696
-3.0775
0.5644
-1.0392
3.1444
2.4873
-0.8581
2.7002
2.9052
3.2553
1.7124
-3.0586
-3.3244
-0.8336
-1.6402
-3.0745
-3.1798
-2.2991
-0.7903
1.1347
-3.4792
3.2730
-3.3782
2.7153
-2.7359
3.1135
-3.1468
-0.9784
-1.1993
-0.9248
-0.9888
1.0343
1.2998
-2.2533
-3.3463
2.5319
-3.1014
1.3556
-2.9080
-0.8448
1.1348
-2.5391
3.4523
-2.9980
-1.0299
3.2638
-2.8732
-1.7209
1.4838
-2.8702
-2.3658
-1.0217
-3.1727
2.6053
-2.4706
-0.9504
2.3286
0.5758
3.2216
2.7642
-0.5281
2.5752
0.5794
3.8986
-1.9124
-0.9364
3.2007
1.1836
2.5342
1.7779
-3.6968
-0.5003
-3.3155
-0.9056
2.2899
0.7098
-0.4407
3.1043
2.8616
2.3049
1.6437
2.8461
-2.4885
1.0161
-1.1481
-2.6708
-2.5068
-3.1868
0.2268
2.9356
2.7934
-0.7636
-2.5634
3.7059
-2.7453
3.3600
3.0125
2.7866
-1.4454
1.1094
1.1496
0.8914
3.0556
-0.7262
-3.2707
-1.4701
1.3933
3.7715
-2.8336
-1.5313
-0.7671
3.1225
-3.1011
-0.3420
-2.5448
-1.0228
1.2208
-1.3211
-3.1948
3.1413
-2.7656
3.0433
-0.7506
-1.3176
-0.2118
3.2714
1.1408
3.4306
2.8610
2.2557
0.9276
-3.0835
3.6906
2.7765
2.9604
1.0710
2.7947
3.5304
3.4770
-0.3811
3.5617
-2.7933
3.1956
-0.8995
-0.9815
-3.0251
0.5836
-1.1897
1.0159
-2.5667
-1.1670
0.6238
-0.9211
-3.0534
3.0060
3.4394
3.5620
-1.2176
0.7029
1.3357
1.5382
3.0390
1.2788
2.8838
0.7061
-2.7878
2.8698
3.3221
0.8044
-3.0566
2.5081
3.3776
-1.2099
2.7410
3.6631
0.9308
-2.7118
0.8369
-3.2828
0.6082
3.6100
0.5638
-3.2515
2.4866
3.8194
-3.6370
2.8272
-3.0051
-1.1640
-3.0082
-2.8657
-1.1861
0.6732
-0.7139
3.6803
-0.9995
-0.9626
-2.8591
0.8603
-0.7654
-0.7281
-0.6800
1.5097
-0.4670
1.4467
-1.2852
0.7036
0.6477
-0.6749
-0.9391
2.8390
-1.2919
1.1560
-3.2703
1.2351
3.0455
-1.2608
2.9704
1.1471
2.9588
2.9284
1.0681
-1.0852
-1.4176
-2.5087
3.7684
-1.0765
1.5379
-3.4603
-3.0495
0.5980
3.3461
-1.1749
0.9189
-1.1929
0.3206
2.6164
-3.1384
1.3934
1.0382
-2.7886
2.5008
-0.9304
-2.9120
0.7517
3.1737
-3.0973
-1.1735
-3.2873
1.4290
2.8778
-2.6057
1.0327
1.0312
3.3285
2.3947
0.6999
2.8543
2.7306
1.3586
1.5372
0.6029
-3.0978
3.0302
-3.2969
-2.3048
-3.5454
0.3545
-3.4689
-0.8046
-0.8988
3.5415
2.9776
1.2995
-0.9863
3.2274
2.2284
-3.2759
-1.0219
-1.0332
0.6968
0.4175
3.3565
2.8089
3.1916
-3.7234
-3.6434
-1.0770
2.6571
0.5222
3.4802
0.8467
-0.4294
0.5555
0.6273
2.9087
0.5500
-3.6025
2.8142
-2.6936
-0.9180
1.2530
-3.3819
-1.3789
-1.8778
1.2563
-0.9757
2.9123
-1.2899
3.3808
3.3394
-0.9367
2.9272
0.4008
-2.3572
3.2415
-1.2477
1.3530
2.5340
1.1995
3.0653
-0.5683
-2.9178
-1.1572
-0.7523
0.9244
3.4539
-2.0443
-0.7766
3.0911
2.8519
-1.4174
-3.0574
3.2013
3.2066
-1.1700
-1.4841
0.9692
-1.2892
3.8496
-1.4659
0.4352
2.0867
3.4465
0.5359
2.8758
-3.1188
1.1132
-0.7319
1.1223
-2.9722
1.4371
-2.7084
-3.0460
1.7432
0.6489
3.4460
2.4894
1.5321
-2.8108
-1.1908
-0.8377
1.1775
-1.5768
1.2316
-3.1410
-2.7800
-1.5670
0.9042
-3.7433
-2.7752
2.7084
-1.4750
2.9023
2.8708
-2.6845
-3.0122
-3.2662
3.0232
1.3976
-0.2386
-3.6155
2.9804
1.1600
2.6260
2.9931
-3.3197
1.0824
1.3900
1.4121
0.9379
-0.8793
-3.0664
-2.9722
1.0530
-2.5498
2.5680
-0.8710
3.1543
3.0183
0.7623
-3.3544
-0.9852
-1.1551
0.9661
-0.6932
-1.1679
-2.8699
2.9278
-3.1430
3.1033
3.0377
-1.1190
-2.9044
1.2384
2.9777
1.6612
-3.1557
-1.9676
3.0696
3.4999
0.8406
-3.1843
-0.8949
2.2629
3.7096
3.1360
2.9531
3.0075
-1.1076
2.4870
-0.8233
-1.3258
1.1995
-2.8092
-3.2644
-0.4460
-3.1972
0.6897
0.7906
-3.1359
3.0216
3.1901
-3.1776
1.3202
-0.9064
-3.1626
3.3453
2.8215
-3.0799
-2.9379
-2.9836
-3.0834
-0.6319
-2.8586
0.7070
3.4868
-2.4001
1.1766
0.5840
2.3806
-3.2331
-2.3436
-1.6644
1.1203
2.5088
3.4254
-2.3398
3.7396
-2.8004
-3.3312
-0.9431
-0.7052
-3.4295
-2.8371
-0.6394
1.5090
-1.5656
1.3473
1.3014
-0.8609
-0.8910
-1.6535
3.2291
-3.0955
1.3057
3.1006
2.8567
1.0460
0.4787
3.2587
1.1540
-2.9719
3.3990
-2.4294
3.1632
-3.3858
-1.0100
2.7128
-0.9926
-2.8577
1.4720
-3.3630
1.2165
-3.1879
-2.8170
2.9331
-1.2147
-2.6615
-2.7142
2.7646
0.2838
1.5230
1.0666
1.0140
-3.3049
0.8104
3.5722
0.8040
3.3609
3.5934
-3.3517
0.3104
3.4556
-2.4297
-2.9290
2.9356
-3.0155
1.0829
-2.7806
2.8408
3.1658
-2.9534
-3.0697
1.0176
-0.5671
0.8847
-3.1713
0.6942
-3.0352
-4.0080
-3.2680
2.8538
0.4131
-3.0034
2.4541
2.9506
1.2463
-0.9944
-0.7641
0.8657
-3.2899
2.8399
2.8767
0.7781
1.5568
-2.7966
0.7244
-3.3036
-3.0743
-0.8241
-1.1157
3.1515
2.8732
-0.8821
2.6267
0.8795
-0.7866
3.5534
-1.1192
2.9371
3.3557
-0.8696
3.0428
-1.5893
0.7420
-0.5832
0.9479
3.5900
3.1538
-2.4451
0.4512
-1.2698
-2.9052
-0.5718
2.5104
1.7378
2.6295
0.8389
-1.0438
-0.7552
2.5577
0.8702
2.9470
1.2174
-3.2104
-2.5293
2.7713
-0.8572
2.8001
-1.5197
3.6923
0.7907
0.4787
-1.2001
2.0063
-2.9794
-1.2703
1.6250
-3.3139
-1.2696
-3.3969
3.2176
0.8703
-2.9976
1.0059
-1.2647
-0.8731
3.0331
-2.5653
1.1654
-3.4782
3.3433
2.6271
2.6493
-2.6638
2.3466
-0.1419
-0.7465
1.3369
3.0400
-2.5760
3.2437
1.7519
1.2608
-0.8735
-3.2994
0.9312
3.2818
-0.8939
3.1041
-0.5269
1.1808
-2.7029
3.9079
1.0304
2.9987
2.4722
-0.4142
1.4375
1.0491
2.8045
-2.9358
1.0382
-3.4395
0.8604
-1.3893
3.1066
-2.6055
3.0013
1.2172
-3.4124
0.9185
-0.9273
-1.0118
2.6284
3.0930
3.0944
1.9420
3.2090
-3.6780
-2.5948
-0.8771
-0.0127
2.7990
-3.0391
3.7395
2.5522
-3.0135
-3.4326
-2.9271
1.7135
-2.7607
-0.3195
1.1764
0.6194
2.9113
1.3882
-2.9288
-2.3781
-1.0816
2.9193
1.2175
0.9214
2.9616
0.7492
0.6992
3.2446
2.7093
-3.0902
-0.5825
-0.8419
1.0569
-0.6334
-3.2578
-2.8225
-2.6372
2.8059
0.7337
0.9105
-3.0227
1.2591
-2.7023
2.6658
1.3058
3.0727
1.0980
3.4848
-1.1303
0.6365
-1.1077
0.9970
1.4941
-2.9787
0.9777
0.8115
-3.3332
1.6725
1.2850
0.9649
-3.3413
-3.0208
-2.7152
-3.0218
-3.3100
2.5449
3.1169
-3.0736
0.7006
-1.7685
3.0658
-2.3047
2.6231
-2.8212
-2.4475
0.9765
-1.2438
-3.0380
2.7095
-1.0547
-1.0187
0.9130
-3.7474
2.7237
-2.6309
0.5536
3.0983
-0.7733
-1.2550
-1.0265
-0.3215
1.3477
-2.9310
3.2244
-0.7634
-1.1190
2.6167
-1.1017
0.8909
-3.4965
-1.2027
-2.8278
-0.9133
0.9158
-3.8461
3.1939
3.6165
-3.2836
-3.2673
1.1995
-1.7568
3.3045
-0.2942
2.3987
-3.4128
-3.0785
2.2489
0.8864
1.0289
-2.7528
3.2195
-2.9545
-0.6880
-3.1682
-0.9476
-0.7111
-0.7502
-3.3617
0.6397
0.6007
-0.2160
3.1402
-0.8021
-2.5844
3.1541
-3.4939
-0.7530
1.3205
3.0619
1.2986
-2.6460
-2.5657
3.2696
-0.4278
-2.8059
-0.4774
-3.6086
-2.7172
2.8621
-2.9625
-0.8337
1.5177
-3.0126
3.1650
2.7649
-1.5853
3.1742
0.6459
-0.9434
1.0606
1.0107
0.7845
0.8145
-3.0326
-0.2839
1.5025
-3.9070
1.0583
0.8718
2.7620
3.0326
3.0423
-0.7509
3.1846
-2.6707
1.0676
-0.7058
-1.1664
-2.7199
3.5084
3.1712
3.4475
2.7999
-0.8304
2.5274
-1.0604
-1.3259
-1.6569
-2.8459
-2.8993
2.7355
-2.7309
1.9001
0.8027
-1.0716
1.0490
-2.6622
0.8229
-1.2651
-3.8089
0.9009
3.2064
2.5551
-3.8135
-3.8770
1.1423
-2.7872
-3.2162
3.1210
-1.1208
-0.7419
3.0074
-3.0955
-2.7687
3.2687
-2.2833
-2.7830
1.4376
1.3799
-2.4968
-0.8046
-2.5188
-3.1004
-0.9514
-1.0782
1.0795
-0.2705
0.4858
-2.3673
-3.4310
-1.1761
-1.2823
0.8739
-0.9139
-1.0471
-2.4494
-2.8474
0.9341
2.7862
1.1578
-1.2202
-2.8360
-0.7252
-1.4829
2.7567
3.5647
-1.1888
-3.2718
1.1902
1.4549
3.4026
1.0865
-2.8525
-0.7130
-2.9065
2.7232
-1.3839
-2.7459
3.4387
-2.3790
-2.7597
2.8391
-2.4760
-0.9364
-1.6471
3.3575
3.5028
-3.2921
0.8836
1.3096
3.1904
2.9109
1.2103
2.8976
1.5740
1.4621
2.9663
0.4430
-3.0823
2.1603
2.8626
2.9467
1.1399
-1.0995
3.4710
3.9729
1.1809
-3.0755
-3.0306
-3.5272
1.2872
3.2022
-1.4599
-1.1490
3.9587
1.1006
1.0694
0.2625
1.1098
-0.9462
1.0228
-2.7657
-1.3451
-2.7698
-2.9976
-2.9626
-0.9586
1.3423
2.6442
-2.7354
-2.3004
-3.1190
1.3015
0.8713
0.8967
-0.7869
-3.0374
0.6920
-3.3846
-1.0548
2.9037
3.4129
-2.4289
0.8525
3.6613
0.6483
-1.2131
-2.4512
-0.8095
1.1412
0.9507
-3.3147
-2.7335
-3.3110
-2.6977
3.4399
2.3390
-1.6076
-1.2533
-3.1003
-2.7261
-1.4362
3.3650
-2.7659
1.0427
-0.6304
-2.9981
-2.4851
-3.0361
0.8986
2.8040
-2.8611
-2.5515
1.2011
-3.2726
0.7098
-1.3377
2.7048
-3.0433
0.9550
-0.6488
2.8309
-1.5162
-2.4826
1.0417
-1.2522
3.0249
1.4891
3.1989
-2.4124
-1.1936
-2.9607
3.0452
-2.3520
2.9156
-2.4436
2.6703
-2.9024
3.0392
0.5371
-3.4411
-1.4733
2.6102
3.0522
1.0405
-0.8889
2.7028
-2.8020
0.7058
2.8511
-3.2521
-2.7915
-1.3133
2.5923
-0.8729
3.1191
1.2226
-1.1567
3.1659
-1.0094
-2.6956
1.8767
-3.1379
3.2936
3.2999
-3.0365
-2.9013
-2.8182
0.9508
0.5429
0.5624
-1.3886
-0.8573
3.0872
1.4613
2.9489
1.4813
-3.3092
0.2014
0.6753
2.8327
-1.6670
0.8899
-0.7721
-1.1035
1.0502
-0.7450
-2.8473
-2.7737
2.8944
-3.6740
-1.3366
-2.9759
-0.3750
-0.4946
0.5749
1.0261
-0.6535
-3.4837
-2.8326
-1.0961
0.8200
2.5676
0.7515
2.8579
-1.5060
-0.8846
2.4739
2.4695
-1.0004
0.4026
3.0299
3.3767
-1.2354
2.3223
-0.7786
3.1727
-3.0122
-3.0386
-1.1476
-1.1292
1.2345
-2.7491
-2.4481
2.9483
-2.6553
-2.9628
1.1903
-2.8776
0.8068
1.0579
-1.4166
-2.9001
-0.8984
3.0319
-0.4818
2.8459
-3.3813
-2.5603
3.3265
-3.2827
1.3300
3.0208
-1.7935
-2.7708
-2.5318
-2.9944
3.5231
0.8108
2.7556
0.6755
-2.8283
-2.2297
2.5958
-0.8015
-3.5283
-2.9296
-1.2031
-2.8326
0.9145
1.3538
1.6558
2.9343
-1.1722
-0.8545
-3.6450
2.8409
-2.8850
0.6939
0.7400
3.3183
0.8393
-2.8875
0.6632
-2.8012
-0.9879
3.1032
-2.9022
0.8339
-3.1626
-3.0861
3.0370
-1.1950
3.0548
-2.2232
0.3304
0.9630
-2.8193
1.2348
3.2792
-2.9263
3.1701
1.2135
3.1150
2.9939
0.8755
1.0849
-2.7193
0.6801
-0.6371
-3.0322
-3.4698
0.4229
-3.2884
2.6123
2.9824
0.8161
-0.7419
-3.0480
2.5845
-0.1749
2.2699
-3.0058
0.9341
3.5303
-1.2500
1.5834
1.3241
2.8258
3.3465
-0.7982
-0.7607
2.9303
0.8922
-2.6438
0.8598
1.2198
-3.5988
3.3123
-1.9129
1.5126
-2.6858
-3.4686
-3.3647
0.7473
-1.2285
0.4088
1.1999
1.4187
0.8616
1.1195
3.3167
-3.5491
1.6690
-0.9316
-0.9046
2.4642
-0.6754
1.1159
0.6467
-3.3872
-2.8167
-3.3012
0.5576
1.1402
-0.9890
0.9623
-3.4135
0.9851
-1.1133
0.6995
-2.8299
2.7394
-2.1551
-0.9333
-2.4219
-1.1893
-1.2052
-0.4733
-2.5853
-1.0939
3.3602
2.3477
1.0144
1.2367
0.9936
2.8997
-3.5184
-1.1692
3.4880
-0.9248
2.9696
-3.2603
3.1904
-2.4525
1.0384
-2.4956
2.5124
-3.3725
3.3826
1.0759
-3.1515
-1.0638
-1.2971
-3.3809
-2.8676
1.6734
-2.9474
2.1489
-2.9842
2.4002
-1.2320
3.2575
1.0420
3.0015
-3.0815
1.1486
3.1930
0.5570
-0.5645
-3.4580
-3.3059
-0.9457
-3.2616
-1.6459
-3.5469
3.6343
0.7745
-2.7824
0.0168
-0.8526
-1.3178
0.2860
0.8816
-2.5861
-0.6637
-3.5942
0.3480
-3.2005
0.1775
2.7579
-3.4421
1.2829
-0.8202
2.8953
-2.5275
2.7584
-2.8531
0.8937
1.4265
-0.7241
1.6668
0.7519
2.9915
2.5872
-1.5079
-0.6322
0.1970
0.5610
-0.9560
2.8666
-2.0621
-0.8386
-0.9913
-3.0427
-1.0606
-0.8779
0.6114
2.8980
-3.1986
2.6631
-1.3606
2.9634
1.1661
3.4509
-1.2603
3.0819
3.1714
-2.2717
1.0132
-3.1635
0.5604
-2.5065
-3.0302
0.4168
1.4412
0.6909
3.1237
0.8794
-2.9886
2.7082
-1.3897
-1.2565
-3.5034
-2.4608
0.8452
0.6308
3.5483
0.7130
-0.3704
3.0401
-1.7253
2.6321
-1.4870
-2.9027
-2.9134
0.5441
-1.4470
-1.0099
-2.2702
0.3872
-3.5308
2.8278
-3.0417
-2.9787
0.7202
-1.5777
-1.2264
-3.4768
-1.3377
2.5018
1.3703
-3.2718
2.9498
2.9050
1.0952
-2.8276
0.7900
0.7390
2.5857
1.5375
-3.0491
-0.5590
-1.0768
-1.2208
-1.4654
-1.1954
3.0702
3.8097
1.7602
1.1302
-3.2019
1.0067
1.3407
2.2408
3.2747
0.9457
-3.0219
1.6689
1.0768
3.4414
3.0182
1.2708
2.8135
2.8966
2.3566
-0.8448
-0.7375
1.2079
-2.6988
-2.8904
-1.1669
-2.8935
1.2831
1.0486
2.8508
-1.0441
3.3317
-0.9760
-3.0377
-1.4417
0.6269
0.9704
-3.4182
-3.5521
0.4625
-3.4724
-2.6466
-0.9874
3.5759
-0.7201
2.5608
-2.9253
2.9678
3.3580
-3.0598
-1.3925
-0.7209
2.3667
-2.7194
2.7022
1.2433
1.3469
2.7909
-2.9070
-2.9394
-2.8429
3.3748
-3.0853
-0.7362
-0.6433
-3.0030
-3.5382
1.3017
-2.7770
2.5125
-0.9084
-0.7210
-3.3905
-1.5563
-2.9655
-1.2052
2.6767
-1.5336
-0.8951
3.2133
-3.2377
-3.1288
-0.6102
-1.6572
-2.5968
0.9161
1.0786
0.9342
-1.1302
-0.9622
3.2592
0.5566
0.7676
0.6500
3.0482
3.3710
-1.3986
-2.8043
-1.5498
3.0777
-1.6595
1.0440
-1.1863
2.7846
0.9167
2.7536
0.5247
-3.0223
3.0758
2.6319
-3.4908
-3.3606
-1.5885
-2.8602
3.0169
1.2463
-0.8762
-1.2967
-0.7935
-1.3128
-2.2327
-1.4653
1.1369
0.6092
-4.0923
1.0988
-1.5864
-3.0264
-2.8995
2.8828
-1.4383
2.8036
2.9904
3.4092
-1.3156
-0.9707
-3.1900
3.4780
-1.3331
1.1726
2.3178
1.0224
3.5462
-2.9752
3.3606
-1.2409
-2.5659
-2.8704
3.0369
-3.1050
-0.4962
-0.9151
0.9991
3.0171
-1.0007
-3.3366
-3.1026
2.7562
-2.7435
2.7540
0.7330
-1.4045
0.8629
3.0315
0.8136
-0.8622
-0.8107
-2.6393
-0.7353
3.4574
2.6209
0.8758
0.8308
1.4009
-2.8303
3.0016
1.2674
-1.2994
3.4542
-0.9288
2.8444
-3.2872
4.1105
1.1054
0.6938
1.2734
-3.3484
3.2536
1.1162
-3.4366
2.7591
-2.7627
0.6717
-0.5379
-2.4914
-2.5734
-2.9491
2.4387
1.2794
1.1927
-1.2325
-0.6767
0.9704
2.6536
0.2953
1.1322
-0.7476
-1.5956
-3.3850
3.2827
2.7703
-1.1749
-0.9772
-2.9558
1.2776
-0.7061
0.6940
3.1786
3.2610
3.4520
3.1459
-1.2647
-4.0617
-1.0828
-0.9069
-0.5978
0.3062
2.7727
-3.1879
0.8605
1.0635
-3.0100
-0.7927
3.2448
0.6893
1.2272
2.4037
-0.5376
2.6979
0.9671
2.8517
-1.3567
3.4531
3.2050
-1.1281
3.0315
-0.4568
3.1352
1.4554
1.0611
-3.2180
-3.4017
-3.2828
1.1737
-0.8971
1.4898
-3.2982
0.8390
-1.1554
-2.9520
-0.7449
1.3658
3.0916
3.0165
-0.2053
-3.0792
2.7908
3.1319
-0.7071
0.8126
-3.2119
2.9894
-1.3210
0.9829
1.4069
-0.7588
2.6350
-1.1367
0.8971
-3.0952
3.2462
-3.1354
-2.8278
-3.0880
0.8457
1.7759
2.7735
3.1658
1.1792
-2.7874
-0.9178
1.3065
-0.9672
1.1547
-1.3166
-2.6927
3.0335
0.6435
3.1891
0.6881
1.3823
1.4044
-1.1406
-1.2488
3.1324
1.1121
0.6354
3.4432
2.3550
-2.8664
-1.0612
-2.7014
1.2903
1.6207
-2.5331
2.7522
-1.1501
3.2736
-3.2159
-0.9723
-3.5613
-2.7696
1.2103
-3.4516
1.1982
2.9419
-3.4091
-2.9120
-2.8522
3.0178
-2.8016
-1.0242
3.1434
2.8323
0.9180
0.8005
-0.8408
3.1646
3.2638
1.3996
3.2852
0.0068
-2.9932
-1.2116
-1.2962
2.7412
-3.4164
-3.2233
-3.2142
-0.7331
-3.2133
3.1197
3.2767
0.7317
1.0578
-3.1625
-1.5594
-0.4815
2.7670
0.3315
2.6670
2.8043
-2.5502
-1.3011
-0.7248
-3.0852
-3.3268
1.4271
-3.1431
0.6049
3.0045
2.8446
-2.7294
2.6357
0.9883
0.6141
1.5900
3.3269
3.6855
3.3469
-1.1831
1.0263
-2.8992
3.3305
3.0267
-2.4139
3.2309
-2.8348
-2.7981
-2.6400
2.8883
-3.0021
2.4902
2.7785
-2.2883
-2.7750
1.5033
3.0500
2.9818
2.9380
-3.2078
0.5721
-3.0652
-0.3696
0.6635
1.0581
3.1699
2.3561
0.9491
0.7738
-0.7850
0.9474
1.0942
-3.2220
3.2366
2.7368
2.4258
-2.8424
-0.7615
2.5915
-0.7807
-1.4719
2.9389
-2.7555
-2.7731
0.8060
2.4084
3.6712
-3.2643
0.7989
0.8371
2.3785
-3.3967
0.8189
-0.8774
1.4210
2.4330
2.9098
-1.5234
1.2501
-0.9032
-0.1956
1.3953
-2.3754
3.3434
2.2907
-1.0649
0.9482
-2.5114
-2.7516
1.0099
-0.8029
2.5348
0.7438
1.1549
-3.0259
-0.8309
1.4348
-3.0848
-0.8338
0.9076
-0.6412
-3.0588
2.7031
2.7879
-3.7320
-3.1597
-3.0890
2.8791
-0.9691
-3.0909
0.3572
3.0038
2.5831
3.2232
-0.7048
2.7919
-2.7414
3.5605
2.6555
-2.6677
3.0767
1.1953
-2.9178
-2.6656
2.5286
3.5057
1.2991
1.3331
-1.3891
2.8317
-0.9545
-1.5538
-2.7971
1.0988
0.8420
0.5458
0.3388
0.6268
-1.1163
3.2216
-3.2494
-1.6733
-2.8305
-3.7725
3.1978
2.9340
3.3216
1.7945
-0.9587
0.7395
-2.4395
-3.1293
3.6894
-0.6164
0.7330
-1.4442
-3.1324
-2.6411
0.4426
-2.9614
-1.7557
2.9737
2.6659
-3.4465
0.9454
1.6423
3.6010
-3.2311
1.0890
0.6165
3.6718
0.6919
3.7683
-1.0795
-0.4175
2.4240
2.7797
3.0051
3.5969
-2.9833
-2.8741
3.2091
3.0091
-1.3912
-1.1711
-2.7034
-0.9199
-2.9067
1.2408
0.9723
0.8534
2.6851
1.3601
1.0920
2.8561
-2.8507
-2.8868
-0.4459
-2.8141
0.9483
0.7491
-2.9742
2.9510
-0.7130
0.6742
3.4614
0.5617
-2.5712
-3.0257
3.2388
0.7458
3.1487
0.9929
-0.8988
3.5106
1.5023
-2.9637
-1.5363
0.8827
-1.3830
-2.5831
1.5026
-2.8517
-3.0477
-0.7188
-0.9979
3.1690
2.4697
-1.1383
1.0247
-1.1533
2.8801
2.9809
0.4696
1.1669
3.2434
2.2366
1.0300
-0.7406
2.9021
-3.5959
1.3863
1.0791
3.4920
-2.7438
-0.6757
-3.3735
1.3621
-2.9713
1.0989
0.7928
2.9098
-1.7637
1.8956
-1.6604
0.6773
0.5207
2.9985
0.7557
-2.7870
-1.2966
0.6069
-1.0831
-3.3454
-3.1679
3.0866
1.0460
3.4709
1.1437
-2.5287
2.6794
-0.9201
-3.3214
3.0761
-2.7124
1.1981
0.8470
0.4706
-2.9645
-0.8790
1.0334
1.1458
2.6021
1.0375
3.1998
-3.1812
-2.9761
-1.3342
-2.2314
-3.1266
0.6412
-2.7476
2.3687
-0.5375
-0.4342
1.1360
3.0240
0.7923
-1.0739
0.9783
2.7980
2.8992
2.7185
1.0056
-1.1828
2.8344
-3.0109
3.0574
1.0356
2.8455
-3.2395
-2.9914
3.5575
1.0669
1.2399
0.7107
0.9983
-1.0149
3.4468
-0.7806
-0.7930
-0.8954
-3.0571
0.9470
2.9533
3.2332
2.7307
-0.7375
3.3717
3.0424
-1.0393
0.7896
-2.5619
3.2518
-1.1121
0.9552
1.3214
-0.7384
1.0173
-2.9516
-1.1299
-1.2114
-2.6028
2.8932
3.4557
-3.1257
1.2239
0.6839
0.9582
2.4501
-0.7230
3.0999
1.3479
1.2442
-1.6841
-2.8448
-0.9193
-3.6040
3.1808
0.9892
2.9365
0.9063
-3.4642
0.4871
3.0051
1.4756
-1.1700
-2.8958
0.3317
-0.9716
-0.6096
0.9270
2.7597
1.6199
-1.0619
-1.4884
-0.9458
-0.9608
0.7482
-0.8481
-1.0478
-0.9609
3.0539
-1.0293
-0.9122
0.4819
-1.0541
0.8059
-1.1793
0.9459
-3.1825
-0.8764
-3.2084
3.0412
0.5874
0.4092
-0.9378
1.2650
-3.3648
-2.6826
3.2623
-3.0263
-0.8848
3.0923
-0.7832
3.0169
1.4029
-3.2549
3.9668
-0.9941
0.6690
2.8331
1.4569
1.2923
-2.8889
2.9390
-3.4579
-2.6104
0.9035
-1.4835
-0.7421
2.8607
3.3077
1.3285
1.1287
1.4270
-2.6613
-2.9940
3.8280
-0.9052
0.8055
-0.7244
-2.7934
0.7506
-1.0181
-0.4909
3.0702
-2.9709
2.8982
-3.2492
0.5135
-1.3917
-2.7890
3.0498
0.8110
2.8936
-0.9410
-1.2545
0.3471
-0.4481
3.0207
-2.8349
-1.5674
3.0363
1.1216
-0.8823
3.3473
-1.7094
-0.6560
3.9637
0.5189
0.9786
-1.1255
3.6181
2.6952
-3.3065
0.7443
-2.5183
-3.2201
-1.7988
0.6865
-1.7112
1.3103
1.8620
-1.1294
-2.4809
1.1118
1.2139
-1.0529
-0.9083
-1.1276
0.2294
-3.1592
1.2422
1.0159
3.2623
-2.9192
1.0573
-2.8504
2.7659
-2.4654
1.4587
-0.4637
-3.5568
3.1988
-3.4545
-3.1547
-1.1666
1.1414
-0.6126
1.0515
-3.3364
3.3238
1.0371
-0.9360
-3.0823
2.7252
-2.9988
-3.7370
2.3538
3.1173
-3.3206
-2.8529
-0.7819
-1.3511
1.4396
0.9035
0.5174
-2.5290
-0.5608
1.3402
3.4195
-3.2372
-0.6812
-1.1332
0.1289
2.8343
2.9586
0.7373
1.1827
1.2176
0.6322
0.9509
1.4749
-1.0614
-1.0923
-0.7205
3.3947
0.9256
0.9403
1.3374
2.8024
0.3047
-3.1158
-0.9779
3.2675
1.0335
-2.4755
-2.6554
1.0905
0.7952
0.9474
2.9801
-1.3040
2.8819
0.3890
-1.4774
0.9177
1.2531
-3.7100
-2.8825
-1.1492
0.8141
1.1119
-0.5514
-2.6175
-2.5168
0.7867
-1.5999
-3.0873
2.6651
-2.7067
2.8796
0.6086
3.1114
-0.8550
1.3444
2.5286
-2.2179
3.0984
-3.8598
0.9868
3.0731
-0.8944
-1.0718
-1.5294
-1.2192
-2.3345
2.9365
-3.2383
2.9633
0.9181
-3.2000
-3.7365
3.0062
3.2403
1.0262
-1.1467
1.2841
-1.4711
-0.0713
-1.6894
-1.1610
0.9440
2.7029
-1.0358
-0.3354
1.6155
-2.6421
0.9426
1.4256
-2.9797
3.3132
-2.8272
-2.4510
1.1692
3.0230
3.2491
3.3910
3.1930
-1.1718
-2.4432
-1.4087
-3.2146
2.9793
-3.0939
-1.5295
-3.2421
-1.5186
2.6962
-2.8775
-3.3946
1.0890
2.6928
-3.1123
1.0775
0.2521
2.6990
0.4930
-1.0629
1.3292
0.9443
-0.8816
0.6043
0.1176
1.4428
3.2377
2.6295
-0.8061
1.3766
1.2594
-1.2517
-0.9488
-1.1834
-1.4450
2.7406
0.8725
0.9033
3.3215
3.6311
0.9880
-3.0112
-3.0119
-2.7366
2.8613
3.1801
-2.4375
3.2490
-0.4117
1.1377
2.9553
-3.1861
0.7092
-3.0418
2.8861
-3.4293
-0.7282
-2.9881
-3.1188
-3.0475
1.4201
3.2145
-2.9767
-3.1616
-1.5848
1.3631
2.5272
-1.6508
1.4813
3.0857
1.0475
3.0090
-2.6835
1.2859
3.3641
-1.4601
3.2759
1.0740
-3.7642
3.2423
3.0841
-0.6336
-3.4902
3.1221
0.9532
0.5319
1.1135
0.7432
-1.1903
-2.7684
2.2958
-0.6377
3.2872
1.0032
-0.5485
1.4173
-0.4583
0.5989
-3.5641
-0.3643
-2.5388
-2.7823
-1.1204
1.2479
-1.4919
3.0904
-0.6443
-0.3303
-3.0080
3.3763
1.0335
1.2103
-1.1670
-2.8267
-2.4287
-2.8201
-3.2660
0.8466
-2.8003
-0.9322
-3.0088
1.4774
3.2106
-3.7598
-1.2500
1.3359
1.1036
2.6857
3.4151
2.9625
-0.9270
-0.7748
2.9727
2.9123
3.1633
-2.7051
-1.2404
0.9891
1.5002
-2.9029
-0.8027
1.0266
2.8708
2.4972
-1.2202
-2.8508
-0.4282
0.8792
-3.2271
-0.9883
-2.8543
2.9811
0.9570
3.2725
-2.7024
0.8853
-0.8416
0.9323
-0.7834
-0.8451
1.3744
3.6282
1.3415
2.2377
-2.7385
-3.5124
-2.4291
0.8456
-2.7410
2.8199
0.8226
-2.9362
-2.6310
0.7673
-2.5396
0.5803
1.0011
-2.8042
-2.9895
-2.4496
-1.2931
2.7114
-0.5254
-0.8923
1.2354
-1.7139
0.4798
1.1868
-3.2939
-1.5210
-1.2509
1.5294
-2.4777
0.8701
3.1949
0.7858
-1.3294
-0.9463
2.9044
-1.2262
0.9962
-1.4829
3.3170
1.1304
0.8971
-1.1554
-0.9284
1.1204
-0.8661
2.9826
1.2985
-3.1211
2.8521
1.7473
-0.5920
3.1093
1.0439
3.2350
0.9314
-0.8089
-0.9261
1.4113
-0.3943
1.0815
0.7506
-2.9587
-3.2517
1.3280
-3.2490
-3.1482
1.1513
-0.9809
0.6713
-2.5984
1.0352
-2.7948
-2.7878
1.5863
0.9303
3.4419
3.1373
-0.6476
-0.3906
-0.5579
2.9035
3.4091
-1.4623
0.7429
3.0500
-3.3801
-1.4094
-3.2372
3.4854
-2.4899
-1.3546
2.9970
2.6169
-2.9682
0.9485
-1.1710
-1.0143
-0.4972
0.5960
2.8446
-0.4796
-2.2563
-1.0217
1.2136
-0.6739
-2.7786
1.0413
-1.0790
-0.8406
-2.6789
-2.6732
-0.7957
-3.3816
-3.0630
-3.3415
-1.0086
-1.2901
-2.9793
2.7672
-3.1163
2.9782
-3.1962
-1.0749
2.7826
-3.1471
3.0815
3.0049
0.5930
-0.6361
-1.1394
-3.3533
-3.4490
3.2127
-0.9049
-1.3282
-2.8217
-3.0597
-0.3311
-0.7198
-0.8905
-0.8672
1.0784
-1.0238
3.3550
-0.6977
-2.8560
0.8826
2.8029
0.8939
-2.7235
1.1969
-3.0576
-3.3627
-3.5501
-0.8581
-0.9303
3.2747
3.1493
-2.7596
-0.9801
2.5875
-0.4441
-2.2551
-3.5222
0.4195
3.5298
-0.3901
1.0151
-3.2379
3.1905
0.8451
-3.2063
0.9416
1.3776
1.2874
-2.9080
-3.2730
3.1128
-1.3150
1.5009
-2.9314
3.0173
3.1516
-2.3451
-1.6006
1.4502
-3.3615
-0.6124
-0.7115
-1.3798
-1.1175
-0.9137
-3.0115
-2.8154
-0.9106
3.1784
1.0078
0.8275
-2.9669
3.3582
1.2372
-3.4011
2.2165
-3.2591
-0.8140
-0.7741
0.4891
1.1652
-3.2335
-2.9598
-3.0730
-0.9245
0.8720
-2.8925
1.1406
-3.2134
-0.7048
-3.0695
-1.0814
-0.5445
-3.0181
-0.3375
-3.3416
-3.0383
-0.8690
-0.7995
-0.3982
1.3867
-0.8456
0.3568
1.0507
-2.3451
1.0323
-3.8260
0.4841
-2.9263
-2.8781
1.0208
-1.1446
1.0813
-1.5138
3.0078
-3.0953
0.5152
1.1009
-0.3537
-3.2240
-0.9707
-2.3607
-1.3498
1.7776
-2.8997
-2.1530
1.0318
-3.0108
2.7821
0.9964
-1.2149
2.9919
1.2945
-1.6805
2.6089
1.2040
-2.9267
1.0542
1.5701
-2.6644
1.1951
0.7946
2.5169
1.1337
-3.5865
-3.2168
-0.6463
-3.0994
2.5572
1.0273
-2.9839
-0.7594
0.9047
0.6169
-0.5956
-3.7921
-2.8340
3.0100
-3.4458
-2.8645
-2.9313
0.8727
1.0259
0.8261
-0.6042
2.6827
0.5420
3.2222
-1.2755
-1.5301
-3.1099
3.1336
-2.8719
-3.7160
0.8697
1.2799
3.0090
0.8552
-2.9705
0.2547
1.1532
2.3168
0.8203
3.5080
3.0808
0.8793
-1.2645
3.0776
2.8843
-3.1666
2.5846
-3.1271
1.4865
3.2115
2.9752
0.4356
2.2645
3.3161
-3.2583
-2.8559
2.8504
-0.9745
-3.3466
3.3438
1.2242
-2.8401
-3.2494
2.6438
2.7162
1.3527
-2.6485
-0.6916
2.7529
-2.1867
3.1424
2.9677
1.4498
-3.2814
-1.4710
1.2118
3.5909
3.0059
2.3874
2.3764
-3.3744
-0.7623
3.1224
-1.0294
-2.7615
-0.9295
-3.3148
1.0519
1.6542
2.2094
-3.0035
0.8721
-0.7570
3.6093
2.4067
-3.2066
-2.6811
1.1196
-3.1586
1.0833
-3.3473
3.2832
-1.4601
0.8263
-3.2480
-1.3146
-1.4690
2.9454
-0.9110
-0.6646
-3.1512
-3.0991
-2.8621
0.5094
-3.2138
-0.9491
2.6061
-1.9755
2.8706
1.1581
2.4469
-2.5857
-1.3530
3.0947
-0.9474
3.4467
2.4652
1.0731
0.7879
0.8004
-1.1664
1.0938
-3.0900
0.8386
2.4591
0.8380
1.2387
-0.4464
0.9504
2.3835
1.1068
-0.8807
-1.1749
-1.3225
-1.1221
0.9104
3.1339
2.7401
-0.8891
2.9142
3.0583
2.9541
-0.8481
-3.0077
-2.4439
-3.4776
-0.7436
-1.4074
-3.1915
3.1560
1.4026
-0.8677
3.7441
0.9148
-1.2328
3.2408
3.3425
-2.3705
1.4175
-1.0621
-0.6266
-1.2147
0.3606
2.8264
-1.3569
-1.0629
-1.2448
-2.7496
-0.9514
0.9125
1.5006
-1.5517
3.1099
0.7488
0.5702
2.8666
-2.8679
2.9905
-1.5276
3.1463
2.6930
-2.6949
1.1372
0.7974
-2.8531
-0.8064
2.6224
2.8107
2.8416
0.8322
-1.0769
-1.3816
-1.6874
-3.1739
-3.3377
1.7266
2.5304
0.8071
-1.0840
1.0466
2.9444
0.7885
-2.7445
0.6087
-1.0380
1.3424
-0.8187
-1.2050
3.3271
0.1601
-1.0499
2.8671
-3.0809
2.4552
-2.4410
-3.2217
1.1127
-2.7223
2.6812
3.2178
2.8853
0.4188
2.6586
-1.0933
1.1325
0.9547
1.0406
0.9619
0.8235
0.6078
-2.9543
1.3350
1.0346
-3.3557
1.5835
0.6774
1.3145
0.3794
3.0796
-3.0069
0.7235
-1.0545
-2.4475
2.8631
2.9412
-2.7039
0.7656
-3.0967
-2.8959
2.6727
-2.7236
3.1310
1.5735
0.4098
-2.8628
-3.1968
-2.9933
-0.6949
-0.9390
-0.9919
-3.0185
-2.9339
-0.2000
-3.0844
3.7123
-3.2408
-2.3781
2.5997
-0.7505
3.4118
0.5453
-3.1829
-3.0875
-2.8516
-3.2684
-0.7244
-3.1105
-1.2842
-0.7509
1.0187
3.4801
-2.5796
2.9952
-3.0242
0.4465
1.7717
-1.0492
-3.2517
1.0985
-2.1224
-1.2589
-2.5999
1.1948
-1.2955
1.5220
-0.8529
-2.7490
1.0297
0.8792
0.5113
0.9958
-3.1602
-1.4314
1.6390
3.4498
2.8396
1.2056
1.6341
1.3398
2.7031
-3.2475
2.8011
-0.8240
3.0039
-2.3529
-3.0643
-0.6466
1.0945
-2.7656
-3.1181
-2.6479
-3.1458
1.4151
-0.9367
0.8422
-2.9357
3.7968
0.9251
0.7854
-0.8618
2.5569
2.8969
1.3924
-1.2236
3.0019
-2.7132
-2.6317
-1.2654
3.2482
-0.4351
3.1870
3.0649
1.1821
3.0008
0.9586
-1.0904
-3.4294
2.2732
-1.0974
1.3108
-0.9923
2.7415
0.6469
-0.9518
-2.7428
2.9895
-0.8087
3.0605
-0.3696
2.5006
3.3054
-3.2359
-0.6449
1.0166
-1.1840
-0.8142
-2.7316
2.6979
-3.0864
3.0568
-3.4031
-1.7738
-2.8993
-0.3964
-0.9951
0.2150
-0.7199
-0.9041
3.1088
0.9022
2.6801
1.0520
1.6730
-3.6840
-3.4777
-2.4681
1.3488
0.8101
-1.3346
2.9920
0.9025
-1.3234
2.4036
-3.2157
0.9515
1.2619
2.9281
2.4941
1.3063
-0.8624
-3.8278
-1.1042
2.9487
1.3920
0.8820
-3.6013
-0.8406
-3.3128
-3.2555
0.9197
-3.3375
3.3093
1.3942
3.0061
-3.1894
-1.1652
2.6114
-2.1512
1.0613
-2.6504
3.6428
0.9936
2.5452
0.8598
0.5960
-0.6720
-0.7805
-3.0659
3.0390
-2.9031
1.0491
-0.2134
-0.5202
2.2111
-2.8392
1.1288
0.7153
3.3245
-3.1035
1.6594
-2.7271
-0.3035
0.6669
-3.5475
-3.4433
2.8109
-0.8887
3.2058
2.5494
0.5658
-1.1635
0.8579
3.0979
-3.5880
-0.8354
3.0893
0.8502
-3.0356
-3.2109
1.1562
-2.2041
-1.0154
2.6207
0.5096
-0.5360
-0.5395
0.7069
-3.0653
0.8840
-3.2577
1.5585
-3.2747
-0.9812
3.1160
-3.1931
1.3436
3.0545
1.1391
0.8398
-0.9339
0.7609
3.2856
-1.5463
-3.4177
3.2772
-3.3404
3.4567
-2.6219
-2.0290
2.7106
3.1016
-0.5530
-1.4480
2.7035
-0.4885
-0.6999
-3.1059
0.7349
-3.1406
-3.4726
-3.1836
-0.8900
-3.1143
-2.8115
-2.9310
3.4941
1.0417
-1.0364
0.6445
-3.5524
-0.3527
-2.9733
3.6869
1.0395
3.5692
-2.9079
-0.7251
-1.0683
3.3512
2.5707
-3.2894
3.2002
-3.1219
-3.2849
1.2857
1.1553
-1.2140
-2.6251
-2.8280
3.1001
-0.7548
3.2800
-2.7200
3.1939
0.6775
-0.5513
2.6164
3.3961
2.8021
-1.2054
1.0159
1.1439
-0.9990
-3.0733
-1.4121
1.0965
-0.8837
1.2538
-2.9230
-0.9909
-1.0017
1.0180
-0.8510
-3.2731
-0.4918
1.0445
-3.0437
-1.0189
-0.8615
1.0006
2.7008
-0.8834
0.3132
-2.9465
-2.8264
1.0063
0.8643
-1.0021
-2.8841
1.1311
2.9130
-1.4972
2.8968
2.7605
-0.5525
0.9266
-1.2009
3.0846
2.0401
2.6898
-3.4664
0.5152
1.7668
-3.3970
3.0683
-3.5155
3.1092
-3.2056
1.2798
1.0191
-1.1479
1.0877
-0.8493
-2.9440
-2.9508
-0.9036
1.0070
-1.1912
-3.0454
2.6999
2.9531
2.3306
-1.0747
1.3041
-2.9842
-0.5261
1.2277
2.7059
-0.9495
-0.9826
1.1567
-3.1149
-3.4043
-3.2293
3.3119
-0.8392
-0.6228
0.9329
-2.8998
-1.7197
-2.3473
3.1812
1.0971
3.2003
-2.8471
-1.2350
2.3506
-2.8552
-0.8595
-0.7551
0.2848
-1.4661
-2.4920
1.3794
2.2749
3.2104
3.1488
3.2513
2.5473
3.1105
-3.7538
1.6233
-3.0351
-1.8462
-0.9806
0.4327
-0.6424
-0.8681
-0.5377
3.4645
-3.4487
-1.7891
-3.7053
3.0264
-0.9310
-3.1275
-3.4501
-3.2671
1.1584
-3.1057
2.8416
2.8390
-3.4638
-3.0414
2.4755
0.6707
-3.4572
1.0743
-2.0420
-0.8752
3.4528
-1.1987
-2.8659
0.5597
-2.8960
-0.1801
1.0132
-3.1592
1.5209
0.7505
2.9370
-2.5452
3.1575
0.6482
0.2359
-1.3106
1.1209
3.1165
2.9851
2.5955
2.6704
1.1257
2.6021
1.0664
-2.8978
3.1447
-2.1735
0.7949
3.1426
1.1995
-0.6377
0.9183
-3.0464
3.0871
-1.0945
-1.0308
-1.0317
-3.1150
-2.7255
0.9408
2.9430
-0.9306
1.0987
-1.5152
-1.1708
-2.8556
-2.6766
-2.8766
2.9363
1.1486
3.2889
-0.8148
1.1383
3.2381
-3.2786
-3.8163
-2.6169
-3.0388
1.0558
0.7454
-3.1069
2.9193
-0.8809
1.0100
1.3087
0.4269
-3.2504
-1.2077
-0.8221
-0.8420
3.0447
-0.9327
-1.6977
-0.7461
-1.1586
-3.1928
3.7163
-1.6751
1.1081
-2.7843
2.4869
-1.3058
3.1475
-0.2794
1.3871
2.8575
-1.2096
-2.9524
-2.8036
2.8986
0.7310
-2.5369
-2.8038
-2.5541
-3.1778
0.9579
-3.2510
-0.5577
0.5814
-3.1191
-0.9518
0.4105
2.9751
-1.1149
1.3970
-2.8346
1.3342
2.8145
-2.8369
-3.2630
-2.9503
-0.4668
-0.4585
1.5837
3.1745
-2.8213
3.1749
-3.3208
0.0917
-0.7254
0.5876
-1.0154
0.8712
3.5434
1.1119
1.1319
-2.5929
-0.5618
2.5578
-1.4333
1.5607
-2.7478
2.8926
-3.0881
-0.9607
-2.9646
3.0449
3.5332
-1.5371
1.1119
3.3794
-0.9711
3.0914
1.0565
-1.0765
0.7962
1.2328
-2.6417
-0.8659
2.4598
1.3393
-0.3938
-0.1414
3.0420
-1.3158
0.6068
-0.7854
1.6007
-3.2455
-3.0785
-2.9602
-3.2257
-3.1852
-1.4090
2.0118
-0.6429
3.4708
1.0332
2.9398
2.1287
1.4720
0.9180
0.5378
-3.3931
-3.3856
-1.5146
-2.4146
3.1632
-0.7726
0.9058
1.0570
-3.0630
1.0234
0.1477
0.8929
3.9279
-2.9388
-0.7057
0.7004
-1.0591
0.9862
-1.0730
-2.9105
-1.0215
2.6685
0.9508
0.8767
1.0609
3.1419
-2.4796
0.9295
-0.9772
2.2572
-3.0785
3.5233
3.4239
0.7524
-2.9164
-0.3863
-0.5938
-3.3794
-0.4225
3.2932
2.5507
2.5884
-3.3410
2.9283
-0.8427
1.2034
-1.2435
-3.3648
2.1465
0.7142
-1.1944
-2.8370
-3.1057
-1.3499
3.3970
-0.3622
-2.9372
-3.2869
-2.8486
1.6234
1.2622
2.6898
1.0391
3.2919
-3.1260
3.3201
3.2460
2.6483
-1.4450
-3.9965
-0.8152
-2.3927
-2.7077
-0.5653
-2.8289
-2.2516
-0.9730
-3.5981
-1.3824
-3.3362
-3.4818
2.5695
3.6235
1.2229
2.9886
-3.2695
-3.5548
3.6157
-0.5262
-3.6075
-3.6380
-0.9163
-3.6820
-1.1932
-2.7829
-2.6188
-3.4381
-1.1782
1.0281
2.7796
-3.1808
-1.0591
-1.0309
-3.1885
0.7742
3.0925
2.6514
1.1088
0.5852
-0.7114
-3.9709
-2.6564
-2.9110
-1.1073
-0.8665
-0.9915
-2.8768
-3.0430
-1.3207
-0.8087
1.5116
3.4375
-0.5684
-2.8047
1.1169
2.9453
3.3389
0.5747
3.0841
2.6681
-3.2188
1.2097
-2.6476
1.3704
1.0126
-1.0016
1.1379
1.2886
3.3754
-2.1497
1.6734
1.0840
3.1431
1.0068
1.1201
-0.8309
-0.7153
1.4800
-3.1881
-3.3239
0.7893
3.1044
-0.7018
-0.7208
3.1453
-1.2146
3.1132
-1.2832
-1.3983
2.5267
0.8607
-1.0557
0.5856
1.4616
-0.6653
-3.8575
-0.7054
0.8434
-2.8361
2.8313
-0.9534
-1.1811
2.7114
0.9285
-0.7725
-0.4981
2.9802
2.6524
-1.0339
1.1105
3.0773
1.5601
-1.3943
-0.7919
3.2400
2.7112
-2.4261
2.6299
3.2963
-3.3770
2.5458
-0.8474
2.8355
0.9952
-2.9925
-0.8184
-0.9090
-0.4715
-0.9256
-2.7679
-2.9085
-1.1919
-2.6788
1.8242
-3.1047
-3.2043
3.1458
-3.2751
-2.8304
-3.3545
-2.9952
0.5484
-1.1451
-3.0389
-2.8551
3.6916
-2.6790
-3.3456
1.1733
3.3120
-3.2490
-2.6021
-1.0108
-3.0504
2.8746
1.2848
-1.0611
-2.5351
-1.1258
-1.0983
-3.0052
2.5215
2.8537
1.0452
2.9038
-0.6745
0.7705
-2.7475
0.8246
0.8475
-2.7386
-0.9620
-2.6450
-0.9901
-2.6572
-1.4052
-3.3031
-0.9085
-3.0462
-3.2722
-3.0954
2.7853
1.3267
-2.8723
0.6093
-2.6880
3.0758
-1.2147
2.8378
0.5427
-0.9005
1.2422
-3.0798
0.7669
-1.2717
-0.8481
1.1751
2.7477
-3.0411
2.9166
0.9576
0.6888
-3.0364
3.3680
2.4495
-1.0542
1.1638
-3.1897
0.5129
-2.6713
3.0299
-0.7555
2.8380
-1.2507
-1.3274
3.0539
-0.8688
-1.1260
-3.3408
1.1097
1.0137
-3.2213
1.9248
3.0837
-2.6681
0.7152
2.8011
1.4110
2.9564
2.6647
-2.8181
-0.6183
3.3554
0.4969
0.7376
3.3542
-2.9414
1.0732
-0.9693
-3.4264
-3.4306
-2.9798
-3.4453
0.5827
-3.3104
0.6868
2.5188
-0.4833
-1.4511
3.1207
2.5345
0.7427
-0.7980
-1.0852
-2.7107
1.0220
0.7601
-3.0108
-0.8397
1.3141
-1.1301
-3.2079
-1.3284
-0.7796
2.6791
1.0460
-3.3003
-3.1487
-3.8219
-1.2503
2.5702
2.6762
-1.0200
2.7876
2.6993
-2.9730
-1.2639
0.4483
1.0685
-0.8407
-2.9445
3.1832
2.7125
2.6990
-2.6629
-1.3735
-0.8900
1.9386
-1.2501
2.8293
3.0656
1.2926
-2.9544
3.4133
-3.3635
-2.8635
-2.9055
3.4552
3.1294
-3.1463
0.6520
-1.0993
3.3677
0.6889
1.2342
-2.2114
1.7431
-1.0320
-0.3029
1.2357
-0.5252
-2.7627
0.8559
1.0369
1.0519
0.7539
0.5056
-3.3992
-0.9389
1.3251
-2.5433
1.2844
2.8225
1.3121
0.1145
0.8317
1.3089
-0.2794
1.0845
3.0806
0.9454
2.7712
1.1386
-0.6277
-0.9632
3.2501
-2.9313
1.4558
-3.1479
3.2840
1.0101
-2.7608
0.9961
-0.9808
-0.8388
-2.9399
0.7302
1.2036
0.9517
2.6892
-3.2812
-2.8302
1.0167
0.9335
-1.2493
1.3707
-3.1265
1.3451
2.8619
2.8893
2.6786
-3.3539
-1.4093
-2.5729
-3.0400
-0.8917
-1.2311
1.0418
1.1150
2.6676
1.5375
-1.2384
3.2187
-1.6678
-0.7616
0.6311
-2.7990
-3.6164
0.8921
-0.8703
1.1442
-2.2863
2.6586
3.1722
3.0635
2.8053
2.6975
2.9496
-1.3982
-0.2380
-0.5280
1.4539
-0.4562
-3.5254
-1.3175
0.9360
2.7931
-2.5869
-3.0282
3.3069
-0.6604
-2.6581
-1.2943
2.3499
1.3263
-1.1101
0.6332
-2.7493
-3.2980
-2.5468
-1.0143
3.2133
3.2635
3.0905
3.6128
0.7846
1.5501
-3.8472
-1.2134
2.7491
3.1169
1.1251
-3.0098
-1.5714
0.7302
3.3808
-1.2524
-1.3169
2.5933
-1.4113
-3.1991
-1.2115
-1.0508
1.1040
-2.9448
3.1613
-1.7716
-0.7098
2.6909
-1.1055
0.9878
1.4196
3.0473
1.2316
1.2364
1.0197
3.5511
2.9648
-2.5677
0.4064
-1.0373
-0.3147
-0.8304
-0.8906
-2.5186
-2.7758
-3.1335
-0.6698
2.7317
-2.5677
-0.4998
-3.1607
0.9762
-2.1875
1.3745
2.8446
1.5649
0.7938
2.3588
1.0182
0.8152
-1.0556
3.0230
-3.8355
0.8782
0.9528
3.7033
0.7610
3.1331
1.3094
-1.1223
2.8511
2.9508
3.3777
2.9530
-1.3968
-0.6173
3.3216
-2.9839
1.1087
-3.2678
2.7117
-2.7109
-3.1275
0.6384
3.0967
2.8749
-0.3452
-1.1615
-3.1075
2.8385
-0.9705
3.2816
2.6999
2.9503
-2.6517
0.7974
-0.7193
2.4086
3.2348
0.9734
-3.1285
3.4207
0.9754
-3.3302
2.8800
0.3766
-3.1323
-3.0314
0.7167
-1.1760
2.8684
1.8290
-2.7651
2.8801
3.3886
0.5897
-2.4309
3.0356
3.0042
3.4413
-1.1560
2.8747
1.0317
1.6824
-2.8417
0.8660
-1.1527
1.0360
3.4531
-1.7243
3.1392
-2.8981
-3.0402
-3.5216
-0.4005
1.0153
-2.9633
-3.1740
2.1979
-3.3672
0.9841
1.4181
2.3862
-0.4878
-2.2585
-0.4807
-0.9418
-0.8345
-2.7634
-1.2555
-3.9274
2.9583
-1.3643
-0.3052
3.1365
-3.4434
3.5084
-0.8238
0.9079
-2.9111
3.0859
3.4783
-0.7236
-2.8736
-0.5539
0.8074
0.4856
1.4831
0.7223
-2.8744
0.9524
0.8387
3.0828
-2.6587
1.7827
-2.8795
2.6925
0.7458
-0.9247
-2.5052
-2.8648
0.3278
1.5700
2.5774
3.2404
1.0446
-0.2856
-1.4329
-0.7820
0.7060
0.7610
2.8392
-3.5541
2.7588
1.0044
0.8061
-0.7275
-0.7042
3.2609
1.1605
1.0927
-2.6400
-3.0907
0.5369
2.8242
-1.0222
1.9554
-1.1225
-0.8746
-0.4717
-0.9444
2.9746
-3.5421
3.0692
3.4309
0.7033
0.9925
0.8448
2.7399
-1.7238
2.8272
2.0100
-3.2298
0.9695
2.6696
-0.9517
-0.8681
-3.5577
-0.9623
-2.6839
-3.2337
3.3392
1.2060
-3.2918
3.1107
-1.3204
2.5206
1.1153
1.4006
0.9577
-3.0439
1.4142
-2.9659
-2.8539
0.5459
-3.1310
-1.0663
3.2211
3.2835
-2.2189
-1.2273
-2.9385
0.8693
-1.3107
1.3133
-1.6438
-1.1116
-2.6390
-2.6448
3.0980
3.2636
-3.3398
-2.3764
-0.9784
-3.0587
2.7539
1.0535
3.2566
2.7670
2.8736
2.7605
0.9882
3.4853
0.8706
3.1277
0.6953
-1.1211
-1.6259
2.9513
1.4645
-3.0269
-2.9356
-0.9967
-0.8883
-1.9393
0.9615
2.6841
-0.6651
1.0640
-0.8048
-0.4095
2.8925
1.2503
3.4138
1.3939
0.7845
2.2987
1.5961
3.4287
2.6577
1.4961
0.9419
1.1937
-2.9833
-0.4055
-2.8251
1.1789
2.8098
3.0080
0.7616
-3.4691
1.4983
0.8096
3.6203
-0.9807
-1.5516
-2.8788
2.9720
3.2658
-3.4595
-1.4196
-2.9584
0.5651
-0.9209
2.5060
0.8665
1.1753
-1.2062
3.1016
1.2853
-2.6938
3.2016
-3.2912
0.9575
2.8623
0.9601
-0.8423
2.9721
-2.8405
-1.4181
2.7575
-1.6201
-2.5864
0.6699
2.9020
-3.0522
0.8549
3.2642
-1.0476
-3.3408
-1.4513
0.9993
-1.2850
-0.8740
2.3439
-0.7788
-2.7558
1.1555
2.7106
1.3098
1.3567
1.1859
3.1899
-2.2815
3.6961
-0.7930
0.7964
-3.0407
0.8801
-0.9818
3.1636
-3.0072
-2.6107
2.7131
-1.3359
-2.9201
1.3207
-1.5614
-1.0147
2.8530
1.0020
2.8920
3.1091
2.8854
-2.6033
-2.5801
0.7532
1.9871
1.0596
3.3635
0.5994
0.4397
3.0132
2.4914
-0.8257
2.5188
2.9515
-2.7633
2.7686
-2.8380
-3.2708
-1.1858
-0.7127
3.1372
-0.6581
-1.5852
1.2957
2.8729
-2.2746
1.3859
1.3534
3.2966
-3.2584
-2.9961
-2.9390
-2.9195
1.6451
-0.8510
-2.9092
-3.2904
3.0021
-1.1526
-2.9232
-2.9764
-3.1730
-1.5607
3.4145
0.9147
-2.5587
-0.3791
2.3689
2.5004
2.7806
2.9742
1.6068
-2.7042
-2.9089
-1.4367
0.7106
-0.8709
2.6117
2.5582
0.8325
-2.4936
-2.5877
-2.2399
-2.6433
3.5448
0.8991
0.7986
-1.2388
-2.9994
-2.7580
0.7469
-3.3070
1.8787
-1.0820
-2.8083
3.3661
-3.7843
3.0771
-2.8505
0.2670
-0.8634
0.6023
1.4563
2.7378
-1.1243
-3.2822
2.9152
-2.4600
-0.8441
1.0393
1.6888
-1.5136
-2.9639
2.7413
1.0562
1.3031
-0.8203
3.4537
-0.6124
3.0751
1.0673
-1.0497
1.1367
-0.8881
-3.3626
-2.8639
2.9388
2.2708
3.1609
-1.3464
2.6962
-3.0415
2.7205
2.4583
-0.9705
-2.7183
-3.2906
-3.0864
-2.8921
1.0477
-3.2591
-0.4351
-0.6333
-0.2839
2.9271
-0.3984
3.0278
0.9467
1.5687
-1.2227
-2.5682
-3.3488
0.3559
-2.8674
0.9287
3.0147
1.2347
-3.1056
-2.5067
0.9604
1.0982
1.2789
-3.1303
-0.6931
3.2518
1.2839
-1.4093
-1.5215
-3.3834
0.9744
-3.1165
0.2004
-1.5084
1.3950
-3.4101
-0.6579
0.9722
0.4208
-2.7555
-0.7465
-0.9965
-0.6322
2.9306
0.8026
0.7799
-2.7054
-0.8066
1.6279
-0.5717
-3.1779
-3.1813
0.7060
3.1026
0.6329
2.8110
1.0182
2.9992
-3.4402
-0.7413
-0.9209
1.0616
-1.0768
3.3918
1.3229
-2.5259
2.6833
2.7272
-1.0590
-0.6450
2.5017
-2.8856
-1.1134
-1.0789
3.1241
-3.2249
-2.3438
-3.4611
-0.8701
-2.7530
1.3014
2.9079
0.8422
-2.6641
-3.5325
1.2091
-3.5921
3.4533
1.2843
2.8810
-1.3107
2.6687
-3.3360
-0.5551
3.1228
1.1890
1.1095
3.0342
-0.9699
0.7887
-0.9890
2.6402
-3.7111
1.0255
-2.5750
-2.9623
0.6702
-1.1272
0.6673
3.3400
-2.7965
0.4604
-3.3039
1.4921
-2.5691
3.2705
-0.4984
2.6579
3.1952
0.4616
-3.6250
0.9886
2.8069
-1.0951
0.8508
1.2038
-3.0670
2.9758
-2.4326
-3.7656
0.9042
-3.0377
-1.6596
-0.7269
3.1002
-2.2246
1.0662
3.3588
-0.6075
1.4720
1.0339
0.9352
0.8630
-2.9572
0.6826
-1.1941
-2.7878
-3.5966
0.5874
3.5284
3.5846
-2.6876
-3.7692
-2.2525
1.0883
3.0452
-0.8964
-2.9112
-2.8730
-1.3868
-1.3025
2.7142
-2.8115
-1.2292
-3.2324
3.0276
2.6064
-1.0146
-0.5678
-1.2657
-2.6839
1.3390
-0.9279
-0.6774
-1.1432
-1.3040
-2.9659
-3.1741
1.4618
-3.1832
-3.1693
3.3124
0.6683
1.1783
-2.4457
0.9172
2.6558
0.5581
0.4541
-0.7798
-0.6678
-2.4574
-2.8943
1.1054
1.3288
0.6929
0.4533
-3.1585
3.0101
2.9082
-2.9013
0.8109
-0.8919
-0.8080
1.3733
-0.8487
-3.2866
1.2698
1.9492
-2.9673
-2.4471
0.5281
-1.3345
-0.7764
-0.9571
-3.0286
0.8786
0.9054
2.7533
3.0216
-1.0301
2.7155
-3.0128
-3.2397
-3.1510
1.0562
0.8097
3.4651
3.1202
-3.1218
1.2221
0.3869
0.7542
-1.0404
-0.8836
-1.5305
1.2635
3.2168
1.1298
2.9170
1.3195
0.6868
3.4724
-0.9142
0.5032
2.9746
3.2272
1.5838
-0.2588
2.9867
2.9622
-1.2254
0.5811
0.9729
3.1666
-1.2120
0.9579
-3.2809
2.9605
-1.2592
0.9164
3.0052
-0.5105
0.6266
1.2103
0.9918
0.0998
1.1950
-2.5400
3.4011
1.4457
-1.6581
-0.9572
2.7256
-3.2621
2.0154
-1.2645
1.1760
-2.6259
-0.5735
-3.3680
-0.7066
1.1566
2.2121
-2.7263
2.5948
-0.8200
1.1533
2.7018
-3.2242
0.8702
-3.2676
-1.3083
-3.0092
2.8044
-2.5113
-3.1002
1.1918
0.9758
-1.1533
3.5112
3.0330
-2.9219
1.2778
-3.0669
3.2558
-2.9579
-3.2562
0.6452
-1.4476
-0.8849
3.3881
2.6305
-0.9818
-0.7742
-3.3078
1.0352
-2.4369
2.9658
2.9710
-0.8474
3.0532
3.2468
-0.9649
0.5960
3.2232
0.9269
2.8392
0.7680
-0.7976
0.7957
-3.1076
-2.6935
-0.9424
-0.7203
3.5651
1.1593
0.8736
1.1055
1.2035
-1.5683
2.6607
-0.4800
-2.7637
2.9691
1.4535
0.7863
-2.8795
1.2084
3.4079
3.5388
-3.5321
2.9190
-1.2530
-2.8292
-2.9211
-0.9907
-0.8734
3.5277
-3.0588
3.0383
0.8687
2.8736
-0.9345
0.8862
0.8076
0.9418
-0.4015
-1.0109
-1.1126
-1.4471
0.8850
-2.3118
1.0677
1.4905
-0.8974
1.3758
-3.3891
2.1385
2.9370
0.8047
0.7462
2.1763
2.1930
2.5582
2.8581
2.9326
-2.9230
1.1156
-1.3764
-1.6281
-2.7986
-0.8276
-1.2869
-3.5946
-3.0339
-2.7068
-0.9914
-3.2670
-2.6889
0.8586
-0.8440
-3.2002
-2.8572
-0.8953
-2.8618
-2.9954
-3.1291
-0.9358
3.1842
2.5815
0.8546
0.5689
3.6929
3.1698
-2.9472
0.7164
-0.9178
-0.7406
2.9616
0.9684
-2.9067
-1.2147
-1.1671
1.2416
0.9143
3.4926
-0.6251
-2.7365
-3.0466
-1.4798
-3.0203
-0.8553
-3.4051
2.8422
-2.9939
3.1591
3.0196
1.5842
-2.7296
3.2871
1.2603
-3.0425
2.3914
-0.4653
-3.1020
3.2269
-1.0959
3.1112
-3.1942
2.9126
0.6909
3.5057
2.3135
-1.2009
-2.9104
0.9865
-2.7832
1.2164
-3.0453
-1.2184
-0.8937
-0.8929
0.8270
0.6247
1.3474
-3.8521
-0.9514
0.6938
0.8142
-0.9432
-3.2053
2.8555
0.0483
-3.3153
-3.0464
-1.2324
1.1372
-1.0592
2.8144
-1.0472
-3.4100
-3.3217
-0.6899
-1.0517
3.1278
1.1018
-0.7302
2.9834
-3.2630
2.4926
-0.4734
-0.5875
-3.5141
-2.9057
-3.1033
2.9387
-2.7079
3.0454
0.7718
-1.3841
0.8390
1.0008
-1.2669
-3.0352
2.3744
0.8107
-3.0907
2.8549
-2.8651
2.7489
-3.3540
-0.9771
3.0014
-3.5012
3.5420
-1.7592
-1.0325
-3.0560
-1.4236
-1.0768
1.4986
3.3477
1.2096
1.1079
3.2243
2.8472
2.8666
-3.0662
-2.9531
3.0696
1.0732
0.8757
-2.0787
-0.2182
0.9403
-3.0404
0.6138
2.8604
2.6703
-2.8734
1.2081
0.5084
-3.1408
-0.8964
-0.8292
-1.0738
-1.8233
3.3998
2.8518
0.5488
-2.4200
3.8726
0.4918
-3.0320
0.9491
-2.4344
3.4656
-1.2831
0.9658
0.8674
-2.7180
-3.9503
-1.3475
2.7239
-2.7367
-0.7738
0.9683
1.3393
-1.4190
1.0130
-3.4446
-3.4103
3.3721
-2.6894
-3.2175
-2.5801
-1.1151
1.3971
1.0483
1.0061
-1.1236
-0.4657
-2.7378
-0.9019
1.3159
1.2158
-1.1510
2.5527
-2.5051
0.3480
-1.0487
-2.8053
-0.6676
-2.7211
1.1640
-2.7757
2.6969
-3.4457
-0.8705
-3.0573
-0.4662
3.2610
0.7653
1.5760
0.8137
4.0236
-1.0960
-1.1593
-1.6523
0.9334
2.9331
-1.4681
-0.4407
-0.9481
1.0389
2.5466
0.9166
2.7394
-0.4171
0.6130
-3.2123
3.1042
2.8867
1.7191
3.2223
0.6361
-0.9857
2.8818
3.3168
-1.3930
-2.5054
-0.8635
-2.4823
-3.1073
2.7005
-0.8426
2.9126
-2.8819
-0.8579
-3.7902
1.7267
-1.6266
-3.3861
-1.4165
-1.2401
-1.5871
-2.9116
2.8981
2.3801
-2.8298
1.1240
-3.0955
2.7263
-0.6686
-1.7875
2.8899
-2.7767
-0.9804
1.6702
-0.8447
2.8108
1.4951
-2.7017
-0.5429
-1.2052
-3.0613
-2.7558
0.8893
-3.5420
-3.1553
-3.4946
0.8844
-0.9660
-3.7454
-3.2852
2.9531
-2.7412
-3.2918
-1.1932
3.5377
3.0979
1.3229
-0.4915
-0.8319
-2.7565
0.9521
1.5702
-3.4252
0.9563
0.7576
2.9903
-1.5175
2.9701
2.8344
0.9793
3.2031
-0.9965
0.3797
-2.8948
2.9867
3.3528
0.3995
0.6098
3.2437
0.6189
3.4648
-2.8127
-0.5263
-2.8576
2.9716
2.8781
-0.5408
-3.1689
1.3480
0.9522
-3.4621
1.5171
-0.8426
1.3010
3.6778
-3.5076
3.3403
-3.1582
0.5241
1.5108
0.9153
0.9675
-1.1035
-3.6926
3.2483
0.6693
3.0976
0.6122
1.3021
-0.9902
-1.3049
0.9518
3.0212
1.1803
-0.5169
2.8620
2.2146
-1.2065
2.6339
-1.0634
-1.4029
-3.2918
-1.2942
-0.4804
3.0149
-2.5172
1.2215
2.5639
3.0100
2.7745
2.8583
-0.7310
-3.2788
-3.1601
-3.2044
-3.4289
-1.0035
-1.0289
-1.4277
-0.8550
1.0727
1.6660
0.9515
-0.6681
-3.0909
-0.8053
2.9652
0.6919
3.2275
-1.1843
2.8278
-1.2318
-2.6778
-2.9553
2.3002
1.1948
-0.7434
-2.7843
0.9220
-2.6166
3.1113
-2.6429
3.3595
0.2634
-3.4219
-2.7689
3.1486
0.5117
-3.0857
-0.5070
1.8806
-3.2595
-0.8297
3.2554
0.7533
-1.1921
1.0709
-0.9596
-1.8579
-2.6533
-2.6317
3.1175
-3.0051
-1.1660
-3.1781
3.4289
-3.1816
1.0691
1.5359
-0.7340
-0.1130
0.7591
3.6621
2.5413
-1.9372
-1.3654
-2.9361
-1.5558
2.6052
-2.9096
-1.4132
1.2504
-3.2578
2.8673
-1.7769
0.7099
0.6195
-2.4850
3.1239
-1.6894
3.3097
-3.4285
1.4619
-1.3588
3.1964
-3.1152
-3.1648
-1.5605
-1.4487
3.3054
2.6813
2.8282
2.9041
2.5684
1.0701
2.5046
-0.9890
3.0103
-1.2226
3.3620
1.0285
0.8893
-0.7798
1.1570
-1.4105
1.3805
-1.0488
-2.3460
3.4020
-2.8983
-2.9796
3.2551
1.1616
-0.9779
-2.8504
-3.2236
3.1930
-3.1114
1.2482
2.6085
-2.0184
2.9370
0.4658
-3.5449
0.6615
-3.0206
-1.4556
3.0908
0.6436
-0.9551
-1.4454
-3.1741
-3.2609
3.1614
0.7518
3.3507
-2.4158
2.9394
1.3057
2.5494
3.3754
-0.9709
-1.5130
2.5180
1.0144
-3.4731
2.6827
-3.2465
2.0507
1.1616
2.8867
1.6154
-3.2004
1.0362
-1.1488
-3.1019
3.3983
-1.2613
2.7075
-1.0877
-2.7514
2.6939
-2.6858
-1.0862
-0.9239
-1.0487
-1.1442
2.8055
0.9145
-1.0183
-0.7817
-3.3661
3.3238
1.4062
3.3310
3.4477
-3.0005
-1.3140
-1.2647
-1.1113
2.8930
2.9593
3.1744
-0.9957
2.6490
3.4268
-4.1269
-1.6633
2.9454
3.3363
2.9622
0.9044
1.0378
-0.6761
-2.6954
0.7196
3.2058
2.7754
-0.6684
-0.9461
2.3016
-1.0115
0.8863
3.5362
0.8042
3.0256
-3.3391
-3.3007
-1.2468
0.8640
0.9701
-3.7612
2.8684
1.2274
-3.0553
2.7201
2.9902
-0.7536
1.4776
0.8080
-2.8541
-1.3065
-2.7599
-0.4003
3.5803
3.1414
2.9608
0.6008
-1.2609
-1.3087
-3.1368
3.0866
-2.9710
-2.7140
-2.9774
2.6267
-1.0700
-2.3432
-2.9404
0.9633
-1.6283
1.0341
3.0651
-3.1943
1.2055
1.2523
-2.6296
-3.1869
0.6491
2.3068
2.8186
-2.9994
1.3866
0.8962
0.9970
-1.2044
-2.9092
-2.8282
3.0469
2.4642
-2.7624
0.6408
-2.9348
-2.9973
1.0347
3.5167
2.7214
1.4795
1.5420
3.1652
-0.8944
-1.0755
-2.2587
-3.4569
-3.3812
-2.5395
2.7325
2.8542
-1.4889
3.7163
0.9540
-2.7854
0.6396
-3.2684
1.2457
-0.9036
-0.9586
-2.9901
-3.0973
0.4907
2.4194
-0.5165
0.9337
-3.3167
3.1946
-0.5735
-0.8019
-1.1816
0.6541
3.0572
0.6322
-0.6973
-2.7004
-1.0877
1.1436
-3.1102
-0.3518
3.1210
0.9494
3.2096
-3.2493
3.2059
-2.8098
1.4249
3.1199
-2.7179
0.9868
0.7747
-3.0908
-3.1637
0.9724
2.1434
0.8968
0.5840
2.6427
2.1045
-1.4908
0.9535
-2.7607
3.6022
-2.2205
-3.1575
-0.2820
3.2924
2.9422
1.1403
-3.1447
3.1879
3.1567
1.2117
-2.8639
-3.1869
3.1309
-2.7343
3.0954
3.3000
-3.4250
1.1496
-1.1277
2.4509
-0.6829
2.2611
3.3253
-1.0438
1.1005
0.7386
-2.9853
-2.6986
1.0645
2.5585
1.5604
-2.9102
-2.8251
-0.8382
2.8971
1.2546
-2.8235
-1.0705
-1.3600
-0.9601
-2.5707
-1.0310
1.0283
0.6837
1.1942
-0.5304
3.3258
-3.6519
-2.6698
1.1041
-2.9970
-3.2302
0.9847
-2.5219
-0.9969
-0.8708
3.3117
2.9386
-0.9822
0.8757
2.4855
-0.8734
-1.1639
0.5738
0.9386
3.0271
3.5855
-3.0474
-1.3970
3.5266
-2.1794
0.8871
3.1045
3.5009
1.5570
1.6970
0.8072
-3.0994
3.1169
2.7241
-2.5629
3.1976
3.0437
3.0164
1.2469
-0.9227
-3.0733
-2.7168
0.6864
2.9668
3.1910
-0.8552
0.8185
-1.4084
1.3256
2.9749
2.5638
1.5671
-1.4215
-0.5678
2.8104
2.6109
0.7625
0.8257
1.5584
2.8730
-0.8530
0.5906
0.7380
0.6256
-3.2105
-0.2930
1.4286
2.8712
1.1833
2.9703
-0.8665
-3.3059
0.6613
2.9429
-2.7176
0.6763
0.2425
-1.0072
1.3836
0.7147
3.4733
2.8242
-2.7769
-3.2130
-1.2233
-3.2323
0.6789
1.0625
1.2386
-3.4807
0.6620
-0.8647
-1.6332
-0.9645
2.7890
3.4435
-1.2288
2.5635
-3.3385
3.3016
3.4479
0.4683
-1.1028
2.8623
-3.4255
-1.0403
0.8963
2.9141
-2.7031
3.0798
3.0134
-1.4169
0.7705
-0.6098
-0.7878
-1.1301
3.0799
1.7235
-1.3143
3.2317
-2.4145
-2.7520
1.3802
-2.5349
-0.9815
-0.6006
3.6887
-0.9862
2.6891
-1.5757
-1.5527
-0.8849
1.1303
1.1033
-0.7434
0.8917
1.4123
0.9049
3.2821
-0.7588
-0.6616
-0.9916
3.0253
-0.3125
1.0509
-1.2162
1.0352
2.8628
-1.2242
2.6687
1.1127
3.3499
1.1215
-3.2193
1.9311
-0.5282
3.3035
0.9568
1.3291
3.0953
-1.5736
3.1715
0.7760
1.1981
2.9246
3.4091
-1.0082
-1.6197
-1.2214
2.8765
-0.7947
0.9142
-3.0729
-1.2877
3.1200
3.4340
0.9333
0.8118
-2.0244
1.3313
-2.8206
-3.6519
-3.5226
-0.5634
3.1681
-0.7185
3.1540
-2.9466
2.8136
2.7588
1.2244
-0.5420
-1.1193
0.8312
-3.4052
1.0749
-2.0864
-2.9174
2.6717
-3.4854
-1.2407
-3.0251
2.4408
-1.3506
1.1473
1.1810
3.3675
0.7353
2.5738
-0.8378
-3.0929
3.5809
3.2081
-0.7115
3.5112
0.6875
-2.9457
-3.0156
2.7098
-2.7223
-3.0693
1.3208
-2.7056
-3.0870
1.7183
1.2247
-2.6022
3.0619
3.4645
-2.8347
-0.5312
-3.4566
-2.5157
-2.8522
-3.9529
-2.7582
3.2946
-3.2342
-3.3176
-3.4576
-1.4503
-1.3991
0.9633
-0.9948
-2.7997
-0.7918
2.4038
-0.5889
3.2886
-0.5888
-3.3156
-0.9116
2.7311
-3.1341
1.1469
2.7295
2.9762
-2.7857
0.9863
2.4868
1.1789
2.9260
1.0522
-2.3329
2.7696
1.2011
-2.9230
0.7368
-2.7659
0.6516
-0.7088
2.7950
-3.4459
1.0209
0.8713
3.2014
0.6127
-2.6573
1.4465
-0.8252
1.1556
3.0941
0.3022
-0.7708
-1.5817
3.1696
-1.0267
-0.7155
-2.7909
-0.9004
0.6353
3.0783
-3.0358
-2.4593
3.2352
0.6785
-1.2175
-1.1791
2.8301
-3.1880
1.0642
1.1719
3.0353
-2.7089
-2.6766
-3.1209
0.8780
-2.6542
2.9642
0.2815
1.0800
3.5294
1.2066
3.2133
3.2737
-1.6106
2.8618
-2.9891
1.3906
-1.2306
1.0099
0.9423
-3.0360
-2.6339
3.0665
-3.4571
1.2829
-0.5272
-2.8229
-0.9068
-2.5699
0.8480
1.4356
0.9012
3.6265
-1.3452
-2.8841
2.9830
-0.4887
-3.2377
-0.5918
-1.2389
3.7575
-0.9349
3.1897
-2.7964
1.5895
-2.6896
-0.4099
-2.1433
-3.1567
-2.8461
-2.6852
3.1655
2.9098
3.7709
3.1406
-3.2259
-0.9558
-3.1111
-0.9632
1.1907
-3.3273
-3.8288
-0.6409
-1.1266
-1.0527
-2.8118
-2.7230
-3.1267
3.0737
-3.8295
-0.5588
0.4394
2.9883
-3.1651
-1.1805
-3.0637
2.5511
-2.7663
1.2984
-3.4331
3.1295
-1.5907
-0.3168
-0.4976
-1.4156
2.3746
-1.1744
-0.6746
2.1072
0.4553
1.5184
0.6404
1.1038
-3.2502
-0.8601
-3.3579
-3.1232
1.3703
1.6743
2.6518
3.0047
-3.2242
1.4609
-1.4185
2.8537
-0.7441
-1.2393
-1.1133
-0.4222
2.1690
2.9534
-0.6146
2.7620
0.8781
-3.3002
-0.2995
-3.1339
-1.2801
1.1493
-1.1108
1.2972
-0.5704
-2.7767
2.9078
-2.5325
-1.9094
-1.2063
-0.7830
3.5488
-3.1285
3.2930
-0.6674
-3.5244
-1.2838
0.8154
0.7054
1.1256
0.8751
-0.7897
0.3993
-3.2344
1.0367
3.5854
2.7376
1.4758
-3.2059
-1.1928
2.6308
3.2932
-1.1926
3.8142
-2.2287
0.9820
-1.0071
0.6769
-1.3869
-1.1244
-1.5755
3.0170
3.1623
1.0436
-1.6547
-3.4986
0.4225
-0.5531
-0.6061
0.8455
1.2628
1.5072
2.1339
2.9273
-0.8352
0.8611
-3.5068
1.4989
3.0023
2.9302
-1.0510
-1.0836
3.0386
3.2252
0.6778
0.9117
1.1314
-0.5178
-1.0108
1.2773
1.5892
-3.0951
1.3894
-2.6733
0.9837
-1.5318
-0.5454
0.9854
0.9942
0.5019
2.8059
2.4253
-0.9492
3.1482
-2.7562
2.9448
-3.5013
2.8780
1.6607
-3.2562
0.8610
-2.6361
1.1810
-1.0705
-0.5743
-2.8485
1.4308
2.7690
-2.6489
-3.2096
-0.8511
-2.8545
0.8670
3.4148
-0.4808
2.8590
1.2399
0.7771
-3.1871
2.5338
-3.1492
-3.0626
-3.5782
-2.4611
-3.4066
-3.1370
2.6866
1.5882
-1.3093
-1.4577
-0.7403
-3.3051
-1.9735
2.4604
-2.8603
0.7906
-3.3143
3.0161
3.5600
-2.9997
-1.2089
-1.2303
2.9409
-3.1291
3.1132
-0.2019
-2.8492
-1.2575
-3.0157
3.5965
-1.0400
-2.5516
-0.8972
3.4144
2.9540
2.7532
1.2434
1.3480
-2.8966
0.4570
3.2658
-3.0995
-2.5166
-1.0971
1.1662
-2.8896
2.9597
1.0344
-2.5012
-2.2023
2.8633
-1.1205
2.5084
-3.6885
2.4312
-2.2066
-2.9403
-1.0542
-1.0759
-3.4480
0.5417
-3.1339
-2.7176
1.0180
-1.7505
2.6354
-1.1000
3.2777
-3.2785
2.8568
1.5737
-1.7197
-0.9399
-2.9166
0.4619
-2.7682
-3.0304
-3.1211
-0.7904
-0.0983
0.7993
-0.9364
0.5102
-3.1165
-3.1052
2.9970
-2.9615
-2.6462
1.5549
-3.5742
-1.3482
-1.0816
0.5718
-1.1635
2.3633
-0.9990
-2.6583
-1.0486
1.2583
-2.6499
-1.2445
1.2051
-1.4877
3.0677
-3.1652
1.2930
1.3119
-3.3000
-3.2214
-1.1419
-0.6049
-3.3418
3.1887
2.5774
-2.7620
-0.7667
-0.9413
2.8042
-0.9986
-1.0291
3.0325
0.6086
2.8613
2.8560
3.2650
1.3373
0.5402
2.8233
-1.6656
-0.4845
-2.9834
2.4907
0.9266
-2.4391
2.6982
-3.3312
-0.9816
0.7333
0.8777
2.6295
-2.9335
-0.7393
-2.7968
-0.5199
1.2799
3.0059
-1.5190
3.1154
-2.6247
-2.9595
-1.0193
-0.8541
3.0403
-0.6889
1.4448
1.0393
3.0043
-1.3369
2.6202
-1.0510
-1.3917
-2.9987
-3.8632
-0.6225
3.5690
2.8810
-1.0998
-0.7764
2.9377
2.2277
2.6979
-3.1337
-1.9384
-2.5728
2.6849
-3.3915
-0.5999
-3.3229
1.1139
2.3029
3.4674
-2.8920
-1.2083
-3.4838
-1.6199
-2.4229
-0.7236
2.6970
0.8847
-2.9301
-3.3541
3.2805
-1.0085
2.8557
-2.6878
2.5179
-2.5347
0.6773
3.4352
-0.9360
2.8348
-1.3410
-3.3093
3.7233
1.3041
2.5110
-0.5895
-0.3549
-1.1493
2.9601
-2.4399
2.8354
-3.1567
-3.2499
-2.7471
-1.5912
-3.1607
1.1431
1.1341
1.1807
-3.0282
-2.6127
-3.4178
-3.2752
-1.5410
2.7123
-2.5983
-0.6939
3.3741
2.7404
-2.9593
2.6734
-2.5016
-2.8172
-2.7072
0.7492
-1.4341
3.3068
-0.3489
1.6079
-0.9286
-0.8338
1.1461
-2.7881
-0.6025
-1.6789
2.3671
-2.5750
2.5615
-3.1911
2.7572
1.2064
-3.2773
1.3740
-0.9481
-1.1443
-2.5291
-0.8697
2.5260
1.6936
-1.1339
3.2139
-1.1673
3.8786
0.7544
-2.2525
-1.3201
2.5874
1.5118
-1.3135
-2.7926
2.8282
2.8519
3.0171
1.0393
3.0672
-0.8284
-2.9003
-3.1266
-1.0373
-2.3770
2.7788
-3.2591
-3.2468
2.6638
2.9805
3.1197
0.5200
2.8966
-0.9718
-3.0041
-0.9820
0.7463
3.3505
2.8987
-2.5093
-2.2393
-2.9062
4.0175
1.3004
-1.1933
-0.5563
0.6026
-0.8411
-1.0031
-2.7602
3.1128
-2.9660
-0.7412
2.9992
3.0133
-2.9289
-1.4289
1.0587
3.9223
0.8375
2.9400
0.5054
1.2161
0.9317
-2.8905
1.1411
1.1475
0.8065
-0.8952
1.1755
-1.3012
3.3116
0.3427
0.7404
1.6845
-1.1811
0.8764
-1.2112
-1.2041
-1.3597
-0.2316
-1.4427
0.9847
1.3610
-2.9359
0.8843
-1.1244
-1.2432
1.0266
0.8709
-2.9246
-3.4108
3.4640
3.0753
-0.5878
2.3706
3.4292
-0.6627
2.9081
-2.5469
1.3205
-1.1806
3.0952
1.4235
0.5276
-3.5595
0.8188
0.7261
-0.7007
-0.9543
-0.6929
-3.0744
3.2843
-2.6676
-2.1670
0.8229
3.3483
2.5632
0.5707
1.1534
-1.8747
-2.5758
-0.4585
1.6567
1.1179
0.5789
-0.3009
-1.3234
0.6639
-3.1630
1.2362
-0.9875
-2.5057
-1.3161
0.5734
0.4352
3.1547
2.9642
-1.3198
-3.5866
-0.9510
1.4136
-3.5124
1.0360
2.6328
-1.0715
1.1989
-3.1271
1.0826
1.3205
-2.7668
-2.3793
-3.5936
1.2628
0.9635
0.7530
-2.8264
-3.5870
2.7178
3.2769
1.3375
0.7615
-0.9138
0.8641
-0.6814
2.6239
-1.2252
-2.1921
1.7272
-3.7323
2.9770
-1.4019
-2.9065
1.4065
-3.2310
-2.7332
0.8527
-0.6269
-2.6258
0.8908
3.5619
2.8016
0.8990
-3.7028
1.3643
-1.0506
-3.9467
-2.3914
0.5738
2.4574
-2.8949
-3.3646
1.1016
-1.4852
-1.4400
2.9873
2.3331
-1.6495
0.6377
0.4334
0.9955
-3.5210
-1.6248
-2.4952
-0.9358
3.2609
1.3126
-0.8234
1.0544
1.3944
0.6667
-0.6342
1.0269
-1.0426
-1.1708
-3.6044
3.4251
0.9532
0.9309
0.9069
0.8848
-1.1145
-1.1504
-3.5117
-1.1544
-3.2578
-2.9515
2.4910
0.8322
0.7123
3.4505
-1.0146
-2.8816
-3.0648
-0.9810
3.2729
2.8921
-2.6540
1.1469
2.7196
3.0063
-0.4955
1.2598
-3.1968
3.5048
2.7354
-0.6743
-2.5543
0.9128
2.9965
-0.8945
-0.6340
-3.1889
2.9689
-1.0088
-2.8495
1.5390
-1.1771
-3.3449
3.1338
-1.8383
0.9758
3.0352
2.8188
2.7691
-3.4841
2.7770
2.2047
1.3798
0.4372
-3.1654
1.2263
-1.3892
3.1932
3.3132
-2.9309
-3.0902
-3.2030
1.0481
2.7447
-0.2851
-1.0657
1.0217
-1.2380
2.0599
1.1539
0.8292
-3.0815
-3.0043
0.7122
0.5918
1.8345
-3.6313
-1.6713
-3.6247
-0.5177
-0.5945
3.3244
0.3468
2.8244
-1.1970
-3.4667
1.4703
2.1400
1.3808
0.7832
3.1950
-3.1262
2.9726
0.6592
0.4861
2.1258
-2.9105
-3.2614
3.2261
3.7925
3.2063
-1.0894
0.7311
-0.8303
3.2531
1.2326
3.0441
0.5252
-2.6421
-3.2700
0.8025
-2.7686
2.5180
-1.0416
-3.1551
-2.9558
3.3292
-0.6551
3.7347
3.1205
3.1004
0.8298
2.6303
-3.1084
3.1644
-0.5312
1.4249
-0.7378
3.0869
-1.0862
-2.6800
0.9189
-1.1299
1.3745
3.4536
-2.9867
2.6237
-3.2102
0.7630
0.8376
3.4776
2.7689
-3.3831
2.3528
2.2747
1.1462
-3.0482
-2.7034
-3.2114
1.5472
2.6803
2.8292
-0.9940
1.3759
-0.5024
3.2655
0.8640
-2.4864
-0.9962
-1.4251
-0.9478
1.3544
2.9033
-2.5142
-3.6514
1.5483
1.2430
-1.3785
-3.2182
1.2326
-1.2154
-2.7019
-3.3606
-1.0696
3.1908
2.8045
1.0904
-3.4973
2.9561
2.6542
3.4420
-2.9003
-1.2103
-3.3894
-0.3256
-2.4101
2.6885
-3.0087
3.4389
3.1404
2.6904
3.9067
-0.9277
1.9995
1.1098
-3.2977
0.8875
3.1733
-0.6526
-0.3305
0.7592
0.9697
-1.2002
3.3459
3.3907
1.4004
-2.6325
0.6552
-3.1750
-2.9506
-1.4374
1.6025
3.0317
-3.4199
0.4825
1.1047
0.7388
-1.0604
0.8477
-2.9476
0.9302
1.6446
-1.1634
-1.5719
0.7384
-2.7850
-2.4020
0.5327
1.6147
2.8957
-2.7285
-2.7477
-1.6487
-3.0260
-3.0591
-2.7150
-3.3134
-2.7789
-3.4314
0.9860
3.1334
2.6572
-3.3028
2.8639
0.1431
1.3398
-1.2659
0.8701
-1.0710
-2.4980
3.0211
-0.4518
2.8360
-1.6242
2.7970
2.7637
0.8845
3.2181
0.7528
2.9695
-3.3888
-1.2264
1.1080
3.1392
-0.1716
3.5939
-2.8323
3.2163
-3.3555
0.0677
3.1521
0.3549
1.1066
2.4015
-3.5231
0.6117
0.9194
0.3390
0.6810
3.1820
-2.7859
-2.9449
2.9103
0.5234
-1.4986
0.8525
-3.3008
-0.9525
-3.4124
-1.2857
-0.7890
-1.0944
3.3935
1.3569
-1.5530
1.2406
-3.2068
-0.4239
-1.0249
-2.2857
3.3188
1.0467
0.4763
2.9127
-1.1870
-3.2937
0.5887
-0.3135
3.2407
3.1019
-1.2531
-3.1663
0.6454
3.3540
-0.9284
-0.8435
-2.8903
-2.9753
-2.7864
-0.4478
-0.9303
-3.7523
2.9330
0.8069
-0.9598
0.9428
2.9308
-1.2309
-2.3750
3.0575
-3.1277
-2.8813
0.7687
1.2726
-1.5237
-2.9203
-2.5244
3.3428
1.1899
2.7758
-2.3258
0.7799
2.8283
-1.7360
0.9974
3.1509
-3.1717
-0.5787
3.2698
0.3565
-2.4860
-1.3077
-2.5298
-1.1063
-0.8317
1.0167
-0.7636
-1.0629
3.1497
-3.5227
-0.9393
-2.1131
1.0784
2.9696
2.5652
3.4244
0.9557
-1.1341
-2.3528
0.4273
0.7990
-3.1813
-2.4480
-2.5729
1.4428
1.0289
-0.5000
0.5684
3.1976
1.0859
3.3925
2.6702
1.1135
3.3357
0.9160
2.9267
-0.9231
0.7323
0.7550
-2.9988
0.9811
-3.1944
-1.5059
-0.2415
-2.9016
-3.2185
-1.2827
3.2081
3.0031
3.0581
-3.3110
-1.3430
0.9607
3.0012
0.9351
1.0808
-2.9125
-1.5518
1.2062
2.7910
-0.5157
-3.0844
2.9879
-3.3350
-0.4188
-3.3093
-2.7033
-3.1346
0.8499
-0.4909
-0.5977
-2.9150
0.9003
3.5769
0.7402
1.4937
-3.3972
0.3438
2.6783
3.4072
-0.6741
-3.1604
1.0733
-2.9871
-0.5405
0.9341
-2.9060
2.6694
3.0967
-1.2784
3.5650
-0.8791
-3.1234
0.8645
-0.7009
3.4589
-1.1853
-0.9551
-2.8627
1.3272
1.3119
-2.9547
2.9688
0.8870
0.8674
1.2092
-2.6177
-2.6224
0.2597
2.8713
3.5305
3.1779
1.3583
-1.5726
2.7087
0.9544
-1.5000
-1.1227
-0.8604
1.1355
-1.4907
-0.7056
-1.1111
2.8860
0.5843
0.6979
-1.1476
0.9950
-3.0487
2.9723
2.5547
0.9133
2.7030
1.0000
-0.9184
-2.8708
-2.7824
1.0555
2.4018
1.0045
1.1803
2.7311
1.6905
3.2522
-3.3618
-3.1375
2.9701
3.0690
-3.2023
-1.3246
2.8526
3.0373
-3.2320
2.4716
-0.6070
-2.6984
2.6355
-3.1359
3.4793
0.9417
-0.9425
2.8961
2.9948
