-1.0375
1.3652
1.6361
3.5815
-3.1647
-0.5903
1.4145
-0.8147
1.3755
-1.3545
2.4222
1.4143
-3.2241
3.0390
2.6994
3.3289
-0.3679
-2.8987
-3.3027
3.3845
1.2168
-3.3286
-1.0795
-1.4409
1.1698
-2.0950
0.2708
0.9327
-3.0948
-0.5176
-3.3278
2.4679
-0.4619
-3.1780
0.8200
1.0724
1.0852
-1.3724
3.1974
-1.1030
2.8327
-3.2120
1.2256
-2.6637
1.4027
0.9153
3.3975
-0.7601
-2.7178
3.0353
-3.0357
1.3199
1.6694
1.1536
-3.1708
3.6809
-3.4197
1.0516
0.9171
0.6258
0.8751
-3.2732
-1.1567
-1.4399
-1.4259
-3.1748
-1.0428
-2.9235
2.9801
1.5269
-1.1978
1.1732
-1.6991
-1.2065
2.2027
2.5392
2.7768
0.8001
0.9140
2.5245
-1.3031
-0.5631
0.8022
0.9571
1.1751
-0.5640
-1.2689
2.2895
2.7519
3.3511
-0.9518
-2.5569
1.1946
1.1503
-3.3494
3.0692
-1.1230
0.8858
-1.1640
0.9332
-2.9663
-0.6711
0.8186
2.9060
1.1342
3.3129
-0.7585
1.0044
-3.2480
0.5512
-1.0279
-2.8765
-0.5102
-1.0173
-1.1151
-3.2808
-2.6246
1.0293
-0.7378
-0.6072
-3.0032
-3.1594
0.6856
2.7601
-1.3412
2.8156
3.0472
-0.9609
-0.5536
-3.1659
-0.9514
-2.8462
2.5938
-2.9124
3.5911
0.7682
2.6670
-1.1157
-3.4442
3.3395
-1.0068
-0.8200
-1.4214
-1.1276
-2.7739
1.1228
-1.1794
3.5918
-0.5807
-0.8589
-2.6816
-1.2253
1.3910
0.9519
-0.9382
-1.0053
-3.3025
0.6562
-0.9598
0.9285
3.0024
1.2224
2.8363
0.5015
-1.0757
0.9188
1.3139
-3.8732
-1.0471
-0.8310
2.5531
1.1719
-1.3051
1.5164
-3.0914
-1.1603
-0.3677
3.0289
-3.1012
-3.2736
-2.2629
2.8948
-3.4687
-3.6310
-0.9553
3.3441
3.2039
3.2372
2.9169
0.8792
-2.5960
-1.5901
-1.1843
-0.7923
1.3772
-3.1728
2.9192
1.3651
3.1211
-3.1537
-3.4870
2.2409
0.8660
0.7097
2.6673
-1.5097
1.1917
-0.6958
0.9584
2.6795
-0.3093
-3.4846
2.4977
-2.9468
-0.4344
2.3802
3.1243
-3.2641
-2.4143
2.7693
-0.9617
-3.0834
-0.1818
3.0852
-1.2468
2.9351
-2.1160
-1.2540
-2.9161
2.8201
-1.7409
-3.5343
3.0135
-0.7193
0.9394
1.8231
-1.5134
3.0942
-2.6665
-0.7511
-3.3005
-1.3147
1.2242
-3.3233
-2.7094
-3.0091
2.7182
0.7250
-2.4712
0.9955
-1.3798
1.2345
-0.8052
-0.7848
-2.3293
-0.7620
-0.8213
2.3708
-0.2661
-2.8756
0.7805
0.8660
-1.1986
1.1057
-0.4112
3.0360
1.0789
3.2776
-3.2992
-2.9278
2.6629
-1.2320
-3.3899
-0.6519
-1.3312
-3.2675
2.5703
2.9866
-3.1533
3.3679
-3.0039
-1.1915
3.1023
3.6052
-2.6746
-1.3875
-2.9365
-1.1916
-1.2663
3.1526
-1.3311
-1.4645
-2.4854
-0.3772
-1.1220
3.4137
-1.8349
1.4492
3.2111
-2.4231
-3.0274
2.8602
2.7929
0.5491
0.7541
-2.9885
-0.8843
3.4384
-1.0815
-0.8315
1.0859
-2.5925
2.6467
0.4194
2.9511
0.7450
0.6852
-3.3705
-3.1879
-0.8044
-1.4765
3.0275
-1.2660
-3.1245
-1.3219
-2.9911
-1.1272
2.8884
3.9917
-3.0544
1.1084
-1.1856
3.1544
-1.2721
-3.5382
-1.0857
0.9974
1.5166
-2.9597
1.1640
-3.1897
-3.0531
-0.7378
1.4043
-2.8325
-1.0093
2.1451
3.2011
0.6651
-1.5423
1.5495
3.1627
-2.6431
3.2587
-2.8052
-1.2422
-0.9374
2.6935
-3.6469
3.1229
-2.9246
-3.1851
-1.0398
-0.7289
3.2368
-1.4176
1.1303
-0.7365
0.6024
3.6232
1.0807
3.2704
3.4847
0.7977
0.5653
-3.0505
-3.2590
1.0667
-0.8509
-3.5103
0.8603
3.2083
3.0751
2.6999
-1.0645
-3.6162
-1.3966
0.4787
-3.2728
0.6305
3.2052
-3.2183
-0.5019
1.0605
-1.1397
2.9938
-3.2364
0.4477
-0.5545
-3.1659
-3.3620
-0.7650
3.2629
-1.0041
2.9998
0.4674
2.8083
-1.4211
-0.9370
-1.5859
-1.2298
-0.4621
-0.6010
-0.6291
-1.6037
-2.8702
-0.8695
0.5157
1.0312
0.8556
-1.1808
0.9171
2.7600
2.1347
1.2361
3.0504
-3.1193
-2.9894
2.8568
-2.7664
-3.3009
0.8000
1.0279
1.1919
1.0202
3.2031
3.2988
0.5541
2.9362
-2.7846
2.1579
1.2596
-3.0133
1.0009
0.4869
2.8793
1.0062
1.1372
0.1491
-2.5054
-3.5939
-3.2347
2.9376
1.0812
2.7540
3.2645
3.4665
-1.2183
-3.5195
0.9936
-1.1002
2.9172
-2.7559
1.0053
3.3808
0.6144
0.4575
1.0174
1.3461
2.6531
2.8095
0.8033
3.0082
2.7065
0.0748
-2.7613
-1.4108
2.8737
-1.0410
1.1589
-3.1815
3.7588
-0.4726
-3.6771
-1.3005
3.4009
-2.9058
3.1399
2.6721
-0.7068
-0.8035
-2.7671
-1.3979
-1.4531
3.2192
1.2467
1.2427
3.1543
2.8867
-1.1166
-3.0465
0.9046
3.5027
3.1628
-2.8540
1.3980
0.3705
3.2901
1.2253
-0.9579
-0.8103
-3.3658
1.6991
2.7994
-1.3896
3.1009
0.7159
-3.2880
-0.7511
0.4002
3.0026
-2.9695
2.8525
0.5297
2.2066
-0.7706
1.9215
-0.8308
-1.1789
1.1096
3.1371
0.2306
-3.1830
-2.8547
2.7439
-0.9408
-3.2110
3.2060
-1.2968
0.4915
-1.0597
0.7768
3.3960
3.0720
0.5909
3.1660
1.1751
2.4086
-3.5370
0.7504
-0.6869
-3.4387
-3.1903
-0.8002
0.7110
-3.1440
-0.6458
1.2116
3.2381
-0.8803
2.1264
-2.9588
3.6219
-0.7161
-0.9711
1.0649
0.8599
-1.2577
-3.3286
-1.4521
3.1559
1.8118
1.8164
3.2997
0.9911
2.7412
1.3307
1.4234
0.7820
-2.2927
1.6447
3.6156
-2.5943
1.2588
1.6213
-1.1089
3.1374
-0.5898
2.1703
-2.4480
0.7148
3.3241
-0.0526
0.4533
-0.5279
-3.3530
-3.2958
2.9040
-1.0180
1.1984
-3.7147
3.1013
0.7535
-0.9858
0.7847
-3.3326
2.7081
0.7109
2.3808
0.8890
-3.4748
-0.7705
-2.8621
1.1105
2.4425
2.9003
-3.5188
-2.5803
0.8894
-2.7352
0.9665
-0.0712
-1.2354
-1.1018
3.0071
-3.1843
-2.7905
-1.2728
-0.9231
0.9970
-2.9795
-2.6561
-0.9733
2.4361
0.8996
-0.7529
-0.7751
3.0164
0.8818
0.8372
-0.3060
-2.8571
3.1434
-2.9970
-2.8723
-0.5345
3.0295
-3.7281
0.8600
2.7129
0.9030
1.4966
3.3573
-1.1836
2.6615
-0.4705
2.7268
1.0549
-2.9227
3.4457
3.4348
3.2986
0.4417
1.5487
-1.2105
-0.6957
2.6835
-2.9662
0.3598
-2.8171
-0.9930
0.8892
-0.8197
-2.8801
2.7501
-1.6695
2.3690
-1.1555
-1.0932
-2.3274
-0.8546
-3.0992
3.0006
1.1756
-2.7305
2.9963
-1.2860
0.4042
0.1757
-1.0628
-0.7183
3.4344
0.8732
3.2007
1.0350
-2.9874
1.4026
3.8742
-1.3316
0.7923
-1.1366
-0.6567
0.9749
-3.5444
-3.3138
3.0114
2.8569
0.7146
-2.9505
1.2842
1.0275
2.2306
0.7813
-1.3841
1.3018
2.7391
1.1968
-0.3793
-3.4719
2.8920
0.5390
-1.2872
-2.9274
0.8035
3.5225
-0.9643
2.5962
1.1255
2.6425
1.5206
-2.7508
-2.6058
0.8112
1.5082
-2.9550
-1.0344
0.1747
-1.1148
0.7528
-2.5696
-2.6070
-2.9862
-1.2090
1.1241
3.0351
1.0397
1.3620
-2.5193
1.5841
1.1916
-3.0729
2.6548
0.9248
-3.3632
-2.5080
3.1622
-1.1786
-1.2396
-3.2496
1.4329
1.4196
1.0663
0.9630
-2.8765
-2.5811
-1.3970
-2.7535
-1.1064
0.8127
-3.2779
-2.8615
1.0251
2.4426
-2.6335
-2.5036
0.5787
0.6019
-1.0646
-3.4279
0.7905
0.7884
-1.1051
-2.9759
3.3751
-3.3808
1.0622
-1.0350
-1.6544
-3.2635
-3.7146
1.1935
-2.8306
-2.8528
-1.6443
-0.7034
0.8654
-0.8933
-3.4166
-1.3520
0.7208
-2.9060
-0.7696
-1.1424
-0.5850
1.5998
0.9699
0.6269
0.9832
1.0275
-0.6852
-2.7770
3.0726
2.5456
1.1637
2.8495
-2.3317
1.3394
-1.6442
3.3649
3.2126
-1.5884
-1.4017
3.1995
1.3632
2.9260
0.7286
-0.6484
-0.4890
1.3547
-0.8344
3.1034
-2.9436
-0.9906
-2.7456
3.8609
1.3491
3.3160
0.3072
-0.9489
-2.5690
-3.1577
-0.8558
2.6877
1.3081
3.3502
2.7735
3.3027
-3.5906
-2.7321
-3.3540
-0.6553
1.0278
3.2117
-1.0293
-3.8375
-1.0595
-2.3947
-0.9645
0.8005
3.7173
2.2453
-2.5918
-1.1933
1.1669
3.5206
0.4423
-1.2420
0.4200
1.1347
0.8393
2.3028
-2.9833
3.0750
-0.9790
-2.3949
-3.2725
-1.0707
-3.0035
-2.8103
-2.7685
-0.6969
-0.3080
0.8948
0.9998
-0.6873
-0.6635
-1.2734
2.4419
-1.3399
3.5089
-0.7210
-3.3193
0.5621
0.4603
0.7049
2.7379
3.3571
-0.5426
-1.1661
-3.2484
-0.9301
-2.8933
-3.4512
3.2942
0.5892
-2.4669
3.2933
-3.2401
2.7889
-1.3033
0.3870
-0.4223
1.5496
-1.1767
-3.0253
-2.2354
0.9611
0.8486
-1.2999
-1.1620
-2.7008
2.5966
-1.4073
3.1674
-2.5492
-1.0225
-0.5377
2.6806
3.4409
-0.9102
2.6291
-3.2059
0.6025
-1.1763
3.1962
-2.7538
2.8738
1.4190
1.2656
3.1227
2.8628
-2.9982
2.9273
-1.2078
-3.0345
1.0198
-2.3884
-2.4753
-3.2592
0.5370
-0.7711
-2.6751
-0.9726
-2.9116
-1.0561
1.3862
0.3534
2.5279
-0.4614
1.0484
1.0537
-1.2310
3.0919
-1.4600
0.7905
-3.2365
1.0398
-1.1350
0.7346
0.5038
-0.2877
3.2701
3.1973
-2.8416
3.0735
3.0811
-3.3013
-3.4960
1.2254
-2.7997
-1.0993
-3.3415
2.7387
3.1790
2.9744
-0.7319
3.4993
-3.2690
-0.8661
3.2769
-1.0595
-2.7823
3.6556
-0.9539
3.0148
0.2969
-1.6296
-1.3446
-1.2080
-0.6324
-3.2160
-0.9180
1.4150
-2.8036
-3.0782
-0.4450
2.6679
-3.0275
1.1826
-1.0118
-3.1083
1.2755
-3.0300
2.9023
1.3490
0.9624
1.4937
1.0190
1.3460
-0.7367
0.9633
3.0255
3.1776
0.9421
2.6165
-0.9921
0.5961
2.7636
2.8537
-2.9986
0.8836
0.8039
3.2594
2.6587
3.2805
-0.6476
-3.0942
0.6844
-0.7746
3.8230
-0.9590
-1.5476
-1.5375
0.8503
1.0176
0.2341
0.4920
1.4575
1.7433
-2.7498
-3.1120
0.8689
-1.1494
3.1232
2.7395
-2.9460
-0.7018
3.0519
-2.9267
-1.4740
1.4096
-2.4966
-0.6467
3.1519
3.2853
-0.3035
-1.6241
3.3364
2.5943
2.9020
0.9116
-2.9943
2.4977
0.6582
-1.5357
3.3240
-3.8151
0.8977
3.1491
2.7204
-2.5975
-1.0919
-3.2341
-1.1559
3.4628
-0.5828
-3.5334
-0.8634
-2.7183
-2.5364
3.1401
3.0934
3.2004
0.8754
-2.8524
0.4276
-2.9918
-0.8451
2.8262
2.7215
-2.7862
-0.6104
-0.8329
2.6665
3.5438
-1.0942
0.7948
1.0025
3.5038
3.0347
-2.0358
0.8435
-2.9385
-3.3445
2.6100
-0.9699
-0.7185
2.2935
2.6957
0.8221
1.5498
-3.1501
-3.1779
-3.0117
-1.5007
1.0187
-0.7106
-3.2189
-1.3446
2.8564
1.3430
2.2799
-3.1875
3.2135
-1.0302
1.1758
2.5491
-3.0729
1.0567
-1.8466
3.6824
-2.9697
2.7639
-2.3936
1.1130
-1.0754
3.2488
0.6842
1.4738
3.6809
-3.0352
1.5189
1.0341
-3.2280
-3.0444
-0.6020
-2.4231
3.5198
-3.6307
-2.6230
-2.7656
3.2006
-3.1413
0.4943
3.0628
3.0387
3.6034
-0.7918
3.0565
-3.1999
3.1588
2.8678
1.3858
-1.4699
2.9291
3.3121
-3.0990
-3.1736
-3.2089
2.9822
0.4678
1.4777
-2.7504
-2.6834
-3.1300
2.7320
-3.0225
-0.6209
-2.8927
-2.8655
-2.8303
-3.2721
2.5919
-3.2812
0.8608
3.2342
0.6464
2.9211
-2.0801
0.6124
-0.7793
-3.1025
2.8769
-0.7866
-1.0820
-3.1698
3.0621
-3.0035
-1.0048
-2.4612
3.0466
2.9531
2.0337
-2.5069
-0.9809
-0.8299
-2.8336
3.4731
-0.6697
-2.7574
-0.7677
-2.6046
-0.8510
-2.7630
0.8449
-2.7077
-2.5014
2.4735
2.9190
2.4133
-1.5742
-3.4977
1.2872
-3.3601
-0.8144
3.2950
2.5569
0.7764
1.2749
-2.8045
-1.0611
0.7042
-1.2175
-1.0433
-0.8024
1.1008
3.4017
-2.6374
0.8579
-1.2644
-3.2619
-2.7375
-0.7918
-1.8495
-3.0175
-3.0578
1.0014
-3.2122
-0.8958
1.0578
-1.0391
3.5566
2.8680
-2.7773
-0.7575
2.0258
2.9510
-1.4105
-1.1051
2.7246
-0.6571
-1.3609
-3.5243
1.4585
0.9417
-2.4459
-2.7153
0.2912
1.2289
-0.6021
1.0966
-1.5172
3.8054
-1.1029
2.4831
3.1372
0.6117
-2.9186
2.8215
1.1288
-1.1895
-0.5917
-2.5975
-3.3147
1.3836
-1.0470
-0.9506
2.5213
-3.0714
0.7638
-0.5360
1.3689
-1.2530
-3.3105
-0.8650
-0.8935
3.0223
2.4670
2.5624
-0.4777
2.4469
-2.0617
0.8886
3.7586
0.6778
-3.4796
3.1571
-0.4739
-3.6945
-1.1407
-1.0524
-0.8540
1.8554
1.1579
0.5067
-0.9350
-2.8965
-2.8727
0.5097
1.1434
-2.7805
-0.5842
0.7089
0.6673
-3.0762
1.4040
-3.3309
-0.4567
3.2006
2.6152
-2.8786
-0.6831
-0.8272
0.6096
-1.0755
0.5803
1.8520
-0.7523
-2.2717
2.8520
-2.0331
-2.8145
-2.7869
3.1898
-1.2086
3.1689
0.6614
2.9583
-2.5012
-0.6232
-2.6956
-2.9358
-3.2610
-0.8512
3.3397
-1.3955
-2.8475
-1.5576
0.4395
-3.0148
1.0995
-0.8965
-0.9599
-1.5906
3.2382
3.0959
3.0502
1.0488
0.2327
1.1430
1.0445
-1.3233
0.9968
1.0889
1.5886
0.9956
-1.3334
-3.2654
-3.2041
0.5213
-1.1221
-3.5837
-0.7473
-1.0149
-1.5776
2.8928
-0.8702
-1.2737
3.6591
-0.3192
-2.7655
-2.9052
-0.6713
1.3802
-2.8618
1.1659
-0.5397
-1.8125
-0.9159
0.7087
-0.7336
0.5729
-1.4206
-1.5384
2.9595
-3.0180
3.1175
3.2708
-3.7261
-0.9446
1.7195
3.3765
1.3036
1.6923
2.8160
-0.8580
3.1048
0.9726
2.7350
-1.4592
0.7461
2.8543
-0.9203
0.9558
-2.3060
0.8748
-1.0390
2.0547
1.3722
1.0555
0.9122
2.5861
-1.7970
3.0913
3.5044
1.0707
1.5501
1.4095
0.5781
3.4568
-2.5466
-2.7683
-2.3471
3.7365
3.0239
-2.2431
-3.1002
1.1925
1.0299
-1.1671
-0.9092
1.2205
3.2462
-1.1434
-3.6773
-0.6988
-2.9180
3.3656
0.6165
-1.2514
-0.8332
3.5231
-3.0919
-3.5393
0.9467
1.0048
-2.4977
3.2336
2.4149
-1.2170
3.4141
-1.2596
-1.4225
1.4050
-3.0378
2.6446
0.7813
0.8419
-3.0059
2.8218
3.4042
-0.7077
2.7851
-1.7890
2.3595
-2.5481
-1.3841
1.8032
1.4974
-2.8886
-2.7554
2.9940
-3.0237
-0.8848
-1.1118
-2.6661
-1.4046
2.4007
1.0928
-1.1939
1.1771
-1.2332
0.8646
3.4068
-3.6668
-3.2292
3.0343
-1.0573
-0.7901
0.6289
-1.0660
1.0629
2.9131
1.4847
-2.7676
3.6136
-2.1170
-0.9906
-3.3640
2.8950
3.1449
-0.9801
0.4935
1.2835
-1.3961
-2.9951
-3.2942
-2.5640
-2.9904
3.9171
2.7600
0.7727
2.8713
-1.2533
-2.8206
3.1128
1.0912
-3.3647
-0.6894
-2.9722
-0.5871
3.3435
-3.1186
-3.2836
2.4056
3.6221
2.5552
-1.1418
-3.5531
-0.9345
-1.0038
0.8523
-3.4089
-1.1423
-2.7972
2.8103
-2.6456
-0.6751
2.8817
-0.7160
3.3489
-1.6946
-3.1390
-0.8134
3.9529
3.0496
0.8445
-3.5144
-3.0902
-0.8256
-0.8271
-0.9654
-2.6075
-0.1322
-2.1982
0.3133
-0.0832
2.9948
0.8133
-3.0713
1.0023
-3.0930
1.1439
-1.0973
-0.6701
-3.4875
2.8523
-0.6766
0.9035
-1.3954
1.3954
1.0620
0.8278
-1.5920
-3.0456
0.9902
-1.1051
-2.9166
-0.8745
0.5330
-3.5179
3.5544
-2.4611
-0.9767
-2.6307
-1.3100
-0.8938
-3.1035
-2.6659
-3.3093
-3.4307
-1.3558
0.8779
2.9468
1.1422
1.3228
-0.8467
-0.7754
-2.8860
3.2092
-2.7544
2.7500
-2.8771
2.6964
-1.2636
1.0935
2.7966
2.8548
-0.5338
3.2319
0.3693
-3.7412
-2.7390
-3.4468
3.1253
3.0356
-2.8426
0.9600
3.3478
-1.0274
-1.1673
-2.5733
-3.0580
-3.6166
-2.6936
0.3795
2.9666
0.1681
2.4519
-3.3514
-0.6722
-2.7506
-3.5236
3.6591
2.3115
-1.2435
-2.7459
-0.3502
2.9868
2.3196
3.2210
-3.0531
-1.0488
-2.7361
0.8756
3.2379
2.9584
-0.6944
-2.7602
1.5265
1.2551
-3.0733
-1.4352
3.0857
-3.1708
1.5653
-0.9031
-0.8634
-2.5702
2.9751
-2.1255
-3.5827
-1.4429
-3.7842
-1.1927
-0.8260
-2.9947
-0.7057
1.2188
1.1404
1.5005
-1.1788
1.4583
-2.9688
3.3106
0.8437
2.9984
-1.0743
-1.1997
1.1071
2.8820
-0.2095
-3.2775
-0.9062
2.8170
2.7969
1.3752
2.6334
-0.1917
-3.0302
-3.2445
3.0998
3.1935
2.6626
3.0658
-2.7920
1.6289
1.1875
-2.3977
1.0957
3.2389
-1.2877
-1.3187
-3.0840
-2.7109
-2.9333
1.2130
-3.3090
3.5812
-3.5128
-3.0688
-0.9072
0.6868
3.3370
1.0184
1.2034
0.5852
-3.1241
2.9581
3.1644
-1.4279
3.1446
3.0294
3.1811
3.5706
-0.7923
1.4354
3.1192
-1.2364
2.7097
3.3275
1.2701
-3.1383
-0.8834
-3.0059
-0.8416
-3.3397
1.1692
0.7183
-3.1550
-0.9023
2.3847
0.6238
-0.4553
-3.5123
-3.2870
-2.8589
-2.9638
3.1101
1.0675
2.9889
-0.2559
-1.9524
-1.0463
0.6750
-3.0434
-2.4396
-0.9196
-1.0638
2.7771
0.2481
2.5081
1.6411
0.8354
2.4242
-2.7561
-3.6501
-2.8399
-3.1076
-1.5000
0.9964
3.2867
1.4110
-0.6001
0.9484
2.6116
-0.9944
2.8613
-3.0738
-3.1951
-2.6553
2.5141
-2.8154
2.8193
1.4986
1.3032
1.3721
1.1356
-1.2338
0.1066
-0.7427
2.4099
3.1348
1.1096
-0.8317
-0.5269
1.1194
-3.4536
3.4019
3.8368
3.2656
1.2986
1.2825
3.1461
1.3218
3.1172
-1.0232
0.7418
-1.0411
0.1015
-3.8332
2.6821
1.0143
-3.1872
-2.5385
-1.0400
3.1155
-1.3843
2.8900
1.0799
1.4884
-2.9724
3.1842
3.1868
2.8236
-2.9830
-2.9697
2.8769
1.0089
1.5460
3.3862
3.0763
-0.8732
3.3034
-3.5369
2.8152
3.4857
-3.4806
0.8951
-0.9976
3.2069
3.0972
-2.3679
-0.9971
-2.6573
-3.2348
-2.3913
3.1588
-1.3814
1.0729
0.9272
-0.9223
2.9231
2.4510
-0.8902
-2.8377
-3.4283
1.3569
1.0511
3.2152
3.4117
3.3241
-3.1680
0.6499
3.1388
3.1125
-1.2192
2.5678
1.4941
1.0188
-1.0067
-2.9030
2.9104
2.9071
1.0727
1.4269
3.4032
0.8398
0.5711
2.9161
-1.0712
0.7000
-3.3573
-0.8672
2.5488
3.4198
-1.2332
-3.0053
2.6994
-2.9347
0.9237
-1.2542
-3.5903
-3.6498
2.7346
2.6896
-1.6463
2.9215
-1.0960
3.2208
3.2487
-0.7909
-1.2635
-2.6407
3.4116
-3.1097
-1.4297
-0.7447
0.8418
-3.4700
-1.2008
1.5024
0.8736
3.0966
2.4072
-3.1462
-3.2021
0.1408
3.2537
-1.2798
-3.5875
0.8532
-2.7802
-1.2058
-2.8062
-0.8746
-0.7622
2.1185
3.3810
-2.8984
-1.3976
3.1266
2.7333
-0.9325
1.2693
3.0829
1.5266
0.5952
1.0785
-1.0346
-0.9312
3.4052
-0.9598
-3.2246
1.1052
-3.0746
2.7641
3.3403
-1.2838
-0.6946
-2.7967
-0.7534
1.2330
2.3666
-1.6074
-0.5641
-1.2555
2.7311
-3.1481
2.5413
0.5752
-2.6829
-1.5984
2.6510
-3.1772
3.5862
-3.0602
-2.5811
-1.2114
1.4500
-2.5208
-0.8617
-3.7480
1.0106
0.7812
3.0920
3.4292
-1.3967
1.4029
2.9228
-0.9389
1.5002
0.6064
0.4603
-2.7373
0.8355
-0.3986
0.7882
-0.7211
-2.9560
3.0179
-3.2569
1.0453
-0.6020
-3.2134
3.2916
1.3538
-0.6494
-3.2940
-0.5050
1.4494
-0.5267
0.8575
-0.5359
3.0171
2.9395
-2.9325
0.7406
-3.0811
1.2083
-2.7931
0.7529
1.8359
1.2649
-1.4592
2.7809
3.1016
0.6049
-2.5114
-1.3649
1.4518
0.5865
1.6598
2.8710
-2.1459
2.9153
-3.1771
2.8294
1.2753
-0.6756
1.0230
0.9199
3.1716
-0.8314
-3.1954
0.0544
-3.2074
-0.9270
-2.6325
3.0081
-2.5625
-3.4430
-3.3438
-3.4068
-0.5163
-0.8510
-1.1968
3.5502
2.9971
3.0124
3.0085
0.8179
-3.2008
-1.3121
2.4691
3.0783
-2.8103
-2.8466
-3.1988
-0.6626
3.0003
-0.9621
2.8482
-2.7547
-2.1265
1.2060
3.0929
-2.7660
-2.1725
2.9763
-1.0249
-3.1032
-3.1672
0.4326
2.4110
-1.0258
1.1585
0.6018
1.2885
-0.9900
-2.8510
-0.8614
3.3304
1.1133
3.0144
3.1018
0.8164
1.3227
0.8021
3.3412
0.2204
-3.0035
2.8651
-2.6292
2.4853
0.7523
-1.0647
-1.1274
1.1352
-0.5543
2.9607
3.6193
-3.3717
1.4348
1.1399
2.2845
0.8493
3.1297
-2.8620
-2.9485
-3.2101
-2.6205
-0.9090
2.9878
2.8739
3.3992
-1.2970
1.7608
3.4818
-2.7979
-1.2038
3.0356
1.5128
-3.2942
0.8045
3.3714
1.0351
-2.5315
-1.3251
1.2490
-3.0868
0.5808
-1.5399
2.9642
-1.2282
1.3324
-1.3954
3.3052
-3.6791
-1.5165
0.4371
3.2443
2.7590
3.4541
-1.7653
3.3950
-3.2301
-1.3258
-0.9497
-2.4972
-2.8786
-3.0909
3.6311
-1.1022
-3.2273
0.6747
-1.4301
1.3412
-2.1969
0.3264
-1.0229
3.2055
-1.1220
2.8166
3.1873
-0.9627
3.3909
-0.9917
2.8785
3.5235
-0.8083
-3.4469
3.2716
-0.8751
-0.8126
-2.7064
0.4716
3.6682
-3.2207
-1.1733
3.1786
-3.2919
-1.3925
0.8310
1.0807
3.3971
-3.1017
1.0837
3.0071
-0.9584
2.4572
-1.7835
3.2769
-0.7081
3.2930
0.3226
1.3232
-1.2986
-0.9253
0.8365
0.3173
1.5018
-0.8498
-1.4843
-1.7035
3.1352
1.0693
2.9101
1.4624
1.3940
0.8644
-0.9834
-2.9294
-2.6798
0.9192
1.0595
-0.7831
2.7737
1.2004
-1.1964
1.0496
-0.9698
-1.0982
-1.0697
-2.8647
2.8999
2.8398
2.5345
-3.1576
-1.0518
1.1304
2.8028
3.0244
0.9424
1.6293
1.4745
-1.0766
0.9704
3.2446
3.0614
-0.9014
0.8700
-3.0201
0.8446
-1.1210
2.9805
-3.2847
-3.3707
-3.1743
-0.7770
3.3806
2.9298
-1.1523
0.9702
-3.1767
2.6651
2.8554
-3.0916
1.1248
1.0124
0.9863
-2.7561
3.6172
1.3019
-2.9763
-0.9192
-2.1722
0.6900
-2.9216
-2.7260
-2.8664
-2.7701
-2.4660
3.5388
1.1268
-0.9510
-0.9371
-2.7483
-2.5364
3.0245
-1.2080
-1.3299
1.0112
-3.3824
-3.2455
2.7904
-1.2096
0.8353
3.1297
-0.9140
-0.9328
1.7379
-3.0564
-2.5062
0.8251
-1.2365
0.7293
0.9210
-1.3214
-3.1895
0.4646
1.2458
-1.0818
-0.7412
0.7330
3.2234
1.1433
0.5320
-0.9131
-1.3497
-3.3018
-2.7427
3.3148
-3.1539
-2.6951
-3.1286
-1.1547
-0.5010
-0.8262
-0.8412
1.0676
2.6347
2.6624
-0.5579
-3.5532
2.4218
2.0671
1.1702
-1.3072
0.8149
2.6902
0.9348
-2.9398
-3.0345
-0.9714
-0.8786
-2.9902
3.2641
-3.1344
2.5038
-1.3513
3.0004
-0.6848
-0.7126
-3.2263
-3.4014
-2.9588
-3.6676
2.7874
0.3793
-1.0292
-1.4144
2.9559
3.5368
3.5079
-3.5041
-2.9864
-0.9224
2.9122
1.1414
-3.0038
-2.7270
0.8166
3.1090
0.7525
3.2255
2.8427
-2.7990
2.8566
-3.3565
3.3276
0.5692
2.4960
-3.2139
-1.0632
-3.4088
0.9025
-3.1637
-0.9200
-0.6036
-0.7636
-0.7285
-0.8091
-2.6604
2.6792
0.7733
-2.9906
0.5803
-0.4183
2.7585
-0.6674
0.7320
-0.9207
-0.8093
3.7549
-2.6530
2.8577
-3.3867
-2.9891
2.8111
-3.2410
-1.2281
-0.3322
-1.6078
2.7673
-0.8465
-2.5661
-1.0170
3.0468
-2.3909
3.0028
-3.2016
1.5102
-2.7540
0.3100
-1.5088
-1.3939
-0.9486
-0.9316
-0.7569
-0.3912
-2.7974
-3.3211
-3.2735
-0.6094
-1.0537
-1.3972
-2.5765
-3.6926
-0.1369
-3.0335
0.8362
0.9074
0.1882
-0.9207
-0.1081
0.3903
1.0001
-3.3091
-0.9498
-3.7255
3.1134
-3.3270
0.8257
1.5425
-1.2621
-3.2507
2.8426
-0.8420
-0.5960
-0.7983
-1.1407
-1.1189
3.1624
-3.0120
-1.2216
3.1578
-1.4022
1.2592
1.5441
-0.4173
-0.7793
-0.0920
-2.7536
2.7560
1.9468
3.0594
-2.4175
1.9730
-0.3150
-1.3246
2.9107
3.2100
-2.6290
3.4173
2.5370
3.0551
0.8177
2.7225
-1.1166
-2.7971
2.5904
-1.0344
-3.1418
1.2498
-2.9974
2.9141
-1.5686
-2.8122
0.3329
1.5954
-0.7353
-3.3121
2.1859
3.0803
2.6420
-0.1574
0.7730
-0.5536
2.6323
1.0637
0.7933
0.8267
3.0790
-3.3984
1.4436
-1.3090
-1.7544
1.0247
3.2330
1.3873
-3.3013
0.9610
3.5978
2.9961
-3.7107
0.7081
-3.4781
3.1693
-3.2339
-3.6071
-0.8844
-3.1766
-2.1259
1.2646
-0.9757
-0.4210
-2.6071
-2.9618
1.2563
3.5131
3.5148
-2.8711
-0.6949
3.8377
2.7142
1.0759
1.2249
-3.0647
-1.5408
-2.7864
-2.8128
-2.4359
-3.4248
-2.8336
-0.8426
0.6684
-1.0106
-3.7230
1.4672
0.9843
2.9622
-2.9716
3.1363
-1.0044
2.8957
-1.0990
-3.0101
3.3278
1.0295
0.7883
-3.9239
1.0156
-3.2953
-3.0644
-2.5826
-1.0379
0.9200
1.4856
-0.2571
3.5185
-2.8192
3.1386
2.8484
-2.7244
-0.9652
1.2869
-0.8067
-0.9328
-1.4323
-1.6008
0.5459
-2.9482
-0.5673
-3.0460
-0.6714
0.4503
-1.2555
2.7954
3.1799
0.5213
2.7448
-1.1687
3.1150
-0.9065
2.8275
-0.5758
2.5436
2.4001
-1.3785
-3.2119
-0.6896
-0.1627
-3.1412
2.3868
-3.2316
-0.0235
-1.2419
3.4485
3.5500
2.7861
0.4523
3.1327
-2.9031
-3.1855
1.3495
-2.8865
-0.9184
2.7803
3.4497
1.5602
0.6053
-1.0860
-0.8850
-1.0650
3.3796
-1.7100
-1.0847
2.8844
-2.3444
0.6224
3.3946
-1.0939
-2.8679
-3.3380
-1.0673
2.4647
-1.3433
-3.3809
-2.6674
-3.2169
-3.4370
-1.6779
-2.9589
2.4576
-1.4254
-3.2974
-3.5132
1.2076
-2.6522
3.3519
-3.1697
3.1432
3.0111
-3.0085
2.2089
2.9121
-2.4556
0.6569
-2.8968
-0.7031
0.8891
-2.7115
-0.8184
-2.9208
-2.8325
3.5044
1.6928
3.1071
-0.9779
1.3319
-2.6999
-2.7831
-1.1213
2.2987
-1.0563
-3.2913
3.1774
-3.6908
1.3871
-2.8606
3.2005
-3.3396
-1.1783
1.0734
3.3734
-2.6347
-3.3500
-2.9766
0.5118
2.2754
-1.1672
2.6256
2.8878
-0.7225
3.3446
0.9331
-3.1422
-3.1508
-3.2744
-2.8375
-3.1514
-2.8357
-3.3209
1.3065
-3.1781
3.0425
3.2793
2.5991
-3.5284
2.7204
-3.0401
-2.7192
2.4014
0.8026
-0.3164
-0.4474
3.2862
1.1294
2.3843
-1.0839
1.3438
3.3571
-1.3093
0.2133
-1.1781
0.9575
3.0709
-2.3265
-2.5240
3.2376
-1.8544
0.9315
3.3388
0.9702
-2.6755
-1.4049
-0.3981
-1.1774
-1.0229
-0.2119
-0.6616
0.6656
-1.3948
3.5589
1.3729
-1.1371
-2.8163
2.9967
3.1860
-3.0193
-1.0910
2.6518
-2.6986
-1.2562
1.6923
1.1834
0.8535
-2.8473
2.9167
-1.2339
1.2838
-1.1032
-1.3968
3.1878
-0.5658
-3.8435
2.9889
-2.9820
0.2685
-3.3324
2.8788
1.3066
3.1107
1.6810
1.0740
0.9032
3.0673
2.7382
2.6855
-3.1683
-2.5557
-1.3634
-1.4857
-0.8458
1.1315
0.5441
-0.6977
-0.8657
3.0240
1.0812
-1.2518
-2.4727
1.2043
-1.2155
3.0519
1.0183
-3.0984
-3.2590
3.1688
2.8797
1.2913
2.8630
-1.0228
-0.8169
3.1359
-1.3482
-0.9697
2.6875
1.4094
-0.4207
2.9816
-1.4266
3.2540
1.7075
1.0541
0.6582
2.6608
3.0556
-2.9786
1.7646
0.8131
-0.9997
-1.2711
3.0450
-0.4006
3.1540
3.1581
3.6126
-2.9055
-2.7526
-2.8907
-2.8389
0.3760
3.5528
-3.1454
-0.8699
1.2181
-1.5228
0.7375
-2.9236
2.5559
1.5347
1.6016
-1.3567
-0.5147
3.0141
1.4106
3.5933
-2.9399
3.1762
1.3391
1.5517
2.9680
1.0031
-3.0579
1.3948
0.9348
-0.5353
0.3680
0.5626
1.1061
3.2715
-0.5976
-0.8551
-1.2368
1.3988
2.3764
3.5990
1.1814
-2.8722
-1.0640
2.6176
-2.9932
-0.8077
0.5947
-1.7485
1.0191
-2.7612
-0.5453
-3.2710
-3.2801
-1.2046
-1.0044
-1.0823
-3.4632
2.9266
3.3938
1.0338
-0.5776
3.2021
3.4004
1.5054
-0.8127
-2.2577
-1.5836
-2.9698
2.7735
3.2971
1.2302
-0.9348
3.1283
1.2079
-2.8181
3.3389
-2.3175
2.9663
-3.1389
1.7672
-0.8233
-3.0895
-0.8043
0.8975
-3.1626
-0.5630
3.7772
0.2735
-1.2582
-2.8785
0.2112
1.1346
3.6813
-2.4462
-2.9201
0.2673
2.9016
0.6803
3.3467
1.5794
-3.2062
-3.3016
3.2317
-3.5862
-2.4022
3.1905
3.0717
0.1743
3.1950
1.2590
-3.5649
-1.1175
-0.7779
-3.1994
0.6311
0.8396
2.5025
-0.6436
-0.6731
0.7027
-0.7806
-0.8591
-2.9948
0.9156
-1.0452
-1.3469
-0.4065
-2.7806
-2.7834
3.2826
-0.8729
0.8419
2.7552
-1.3270
-2.7332
3.1992
-0.6110
-0.0658
0.5589
0.8577
2.5916
-0.7943
-1.5489
3.3064
1.5261
0.7677
-0.9173
2.5050
2.8683
-2.3361
2.4853
-0.9968
3.0835
1.4402
0.5988
-2.4268
-2.9269
-3.5164
-3.6374
-1.8337
3.1150
-2.7300
-3.0183
-2.5606
-0.2379
2.5455
3.0485
-0.8191
1.1861
-0.8082
-2.4295
0.7254
-2.4996
0.8067
0.4399
0.9483
2.8936
-2.9366
2.7824
-3.6984
-0.8758
0.6754
1.1119
-1.2834
1.2274
-1.6164
0.8765
-3.4780
-2.8077
2.3918
-2.7070
-2.7468
0.7737
-2.4691
-0.9313
1.0890
1.1099
3.8703
-1.4513
-2.8253
-0.8467
-2.7395
2.9093
-0.8984
-2.3013
-1.2175
-1.0641
1.1671
2.8373
-3.4230
-3.4227
0.8701
2.5888
2.8366
-2.8924
-3.8510
-0.1638
2.7224
-2.7520
-1.1316
0.2662
3.3278
-2.8783
-1.2301
1.7980
2.7083
2.6833
-0.9952
3.3532
3.0251
0.3137
3.1803
-2.4732
-1.1284
2.6230
3.4040
-1.8745
1.5846
1.2289
0.7820
1.3245
0.6546
1.0317
-0.6876
-2.8981
-1.6201
-2.8720
3.3882
0.7445
2.7381
2.7686
-3.2654
0.6621
1.0315
1.0415
-0.6563
2.6492
3.4890
-1.0197
2.8463
-2.9242
3.0530
3.4494
-1.0398
2.5100
-1.0159
-1.1175
-2.6537
2.6055
3.2104
-0.7745
-1.0576
-3.0073
-0.6321
-3.2796
0.9750
-1.2190
-1.1459
2.8545
3.2238
3.4676
-1.4350
0.8238
-1.3140
2.8584
3.5263
2.7559
-3.3329
-0.8890
-2.9888
2.8978
0.6307
-3.1282
-0.4451
-1.2617
-2.7266
2.6521
3.1144
-2.7800
-0.5692
1.4147
2.5223
1.3357
2.6715
2.2607
1.2608
1.6098
-3.1810
-2.8455
0.9058
-3.0727
2.3471
-1.4146
3.0587
-1.3521
2.9302
0.5710
3.2333
-3.3857
3.4782
3.0577
0.9639
3.2461
0.5635
-2.6088
2.8056
1.0453
3.1365
3.0016
-0.8110
3.1767
-2.8653
-2.9654
-2.6137
2.5960
1.1321
-3.1625
0.9935
1.2222
3.3207
3.1873
3.2556
3.1214
3.0201
-0.7051
0.7267
-1.3725
2.7669
-0.9299
1.3176
-1.0852
-2.1562
3.3404
3.6622
-1.0690
-1.1963
-0.5808
0.6057
-2.9061
-3.0567
3.2051
-2.5151
1.0518
1.3964
-3.0577
-1.2280
-3.0061
-0.4909
2.6256
2.7324
2.5967
-2.9657
-0.6146
0.7481
1.7109
1.1605
2.6717
-1.1083
-1.0843
-0.5582
2.9469
-1.6052
-2.7130
1.2594
-0.9629
-2.9334
3.6963
2.4627
2.9802
-1.1171
1.0843
-0.4696
-0.6312
-1.1280
1.2001
-1.3197
0.8802
1.2744
3.2903
-2.6425
0.6882
1.7426
-2.4174
-0.9820
3.2900
2.9527
-3.0987
3.1863
3.1577
-1.2584
0.6053
-3.1002
-3.4079
-1.5551
-2.9710
-0.7263
-2.4155
0.8304
-1.1060
1.0258
-0.7989
-2.6551
0.8042
0.4373
3.3320
0.8678
3.1879
-0.4554
-3.5462
0.7950
1.0057
0.6081
-3.4090
-2.3507
-0.9363
-0.7982
-3.2769
-2.8784
-0.6740
-2.5388
-2.8032
-2.5254
-2.8524
-3.1817
-1.3672
2.5924
-3.2329
0.5818
-2.4175
1.9822
2.6714
-3.8056
-1.1860
-0.2977
-2.7450
3.2474
-0.9813
-2.6289
-3.1596
-2.7866
1.4867
-1.1317
-0.1328
-3.3978
2.9989
-1.4556
3.1329
-2.9160
-2.8218
-1.1860
-0.9641
2.6557
-3.1987
2.1933
-3.0470
-0.8899
-1.0374
-1.7710
0.7617
-0.8283
-0.9663
-1.2304
-3.3140
-1.0781
-2.8845
1.3411
1.2569
-3.2346
3.2622
-0.7088
-1.0424
-1.5458
-0.8165
0.9415
-0.7259
-2.4997
-1.7186
-1.2307
-0.6769
2.9215
-2.7691
2.8776
0.9794
0.7168
-3.4646
-0.3450
-0.4647
-0.4409
1.7263
-3.4558
3.3745
0.5755
3.1413
0.5715
3.5192
0.3020
0.8765
-0.5949
2.8877
-2.5092
2.8963
3.3671
1.2283
-1.0926
-1.2538
-0.8212
1.0421
-4.0916
3.1074
-0.9653
-1.1475
2.0354
-1.4231
1.4158
-1.3931
-3.0269
-2.7080
0.9021
2.3821
2.7751
3.2661
0.1119
1.4855
-0.3042
1.0383
2.6931
2.9572
3.2759
-1.0187
-0.8103
2.6799
3.2735
3.3567
2.1347
-0.4747
-2.9887
-2.3819
-3.0676
-1.2127
-1.2119
2.5908
-2.9187
3.1442
-1.4716
-2.9082
1.6299
1.5201
1.4586
2.6177
2.9219
-1.1881
-0.8706
-1.8653
-0.6930
1.1303
-0.8633
-1.3962
1.3434
-3.2608
-0.9924
-2.8370
-1.3239
3.0338
3.2040
0.4197
-2.7778
0.3450
-3.2967
-2.7919
1.4495
-0.6450
-1.3429
0.9942
2.9639
-0.9013
-1.0018
-1.2725
-0.9757
1.0278
1.2234
0.9042
-2.3789
2.3155
1.0031
-1.1135
0.9649
-2.5723
2.7494
3.2441
-0.9285
-3.4969
-1.5140
3.1143
-0.5704
-1.1898
-2.8743
1.6811
2.4612
0.7834
-2.8793
0.5942
-3.1888
3.4418
3.5014
-1.2538
1.0535
-0.8176
-2.6988
-3.4242
1.5256
2.6680
-0.7193
-0.8690
-3.4300
0.9302
2.8501
3.4577
-1.2213
3.1075
0.6080
-1.3097
-2.9811
0.6179
2.6118
3.0705
3.3100
2.8089
-3.0346
-1.0695
1.2806
0.0772
3.0816
-0.5970
-3.2063
0.4089
1.2447
-2.2313
-1.2431
0.4169
2.7544
1.0311
0.3144
-1.1253
2.8146
-3.4132
2.2420
-3.6582
-3.0331
2.7729
-1.4066
1.1766
-1.3184
-0.2096
3.9879
1.4280
-3.5919
1.0891
-0.5544
2.5772
3.7837
1.1183
3.4035
2.9817
-3.5305
1.0576
-1.2856
2.6209
0.9281
-1.9518
0.8269
2.5962
2.3466
-2.7155
-3.1050
-0.9460
-2.9743
2.5954
2.7173
3.4860
-2.9538
0.8261
2.8643
-3.2731
0.9646
1.0766
2.8847
3.5541
3.4301
1.2092
3.4532
0.8145
-1.3039
3.7670
-1.3431
-1.1431
1.6536
-3.2661
2.7527
3.1923
-0.7554
1.1676
-0.7238
1.2773
3.2396
-0.8248
1.1716
2.6906
0.6832
-2.7150
3.5416
-0.7175
1.0223
-3.1626
1.6588
2.9873
3.0988
3.3563
0.3760
3.6005
-1.2121
1.4424
0.8109
-1.0310
-0.7372
0.9637
-1.0855
-0.6441
-1.4984
3.1161
2.7521
-2.8642
-0.7291
-2.6914
-0.7969
2.6403
3.3639
-1.2326
-1.6176
-2.7499
0.6507
1.2229
2.8413
2.6351
-3.1687
-3.6128
0.9254
-1.1266
-1.4246
2.7126
-0.8990
1.1034
-2.6658
-1.0582
1.6797
0.9649
-1.6820
2.5001
0.3209
2.9300
1.1281
1.7603
3.3252
-3.4125
2.4932
-1.0776
2.7889
3.2590
-1.3879
-0.9789
-3.3537
1.7052
-0.7544
-0.9659
1.7587
-2.9038
-0.6349
-3.3401
-2.5904
1.1204
1.0514
2.8948
0.9002
-3.3548
-1.1228
0.9351
-2.8101
2.7237
-3.0805
-1.1039
0.6124
0.9023
-3.2383
1.1644
2.6665
1.0527
-0.4895
2.7212
2.5902
2.8004
-3.0821
2.8727
-0.3182
-0.7487
0.9475
-0.9196
0.9680
2.7535
2.6690
0.6875
-3.1164
-3.3154
-2.7746
-1.2064
-1.5079
-2.7460
-2.9822
1.2318
-2.7104
-0.6335
2.5126
1.3209
-0.7016
-0.9979
-1.4053
-1.3189
-2.9628
-3.1411
-0.9127
-3.5310
-0.5892
2.7062
-1.1948
2.9151
1.1948
0.8070
3.3105
0.7366
-0.9986
3.6450
0.9444
-2.7596
2.9205
-0.6445
-0.7129
0.7746
2.7838
1.2649
-1.5256
-1.2656
-3.4416
2.8531
-0.8522
-2.6872
2.7956
-1.5982
-3.0346
1.6946
-2.3399
0.8755
2.9233
-0.8312
-0.1231
1.2754
-3.0829
1.3627
0.4092
-1.4596
3.3738
2.9236
2.8182
-0.9891
3.2436
1.1301
-0.9784
3.5165
0.5560
-2.0181
1.3127
2.8927
3.1048
-1.4669
-2.7548
-2.7788
3.0779
0.7436
-0.2040
-1.6540
-3.3090
1.8523
-1.0393
-1.3458
-3.0140
-1.0349
-2.8077
3.1958
-1.3185
1.2823
-3.6342
1.2066
-1.4004
-1.0316
-3.0999
1.0548
-3.4085
-0.9367
1.2868
-1.3024
2.9871
-2.3752
-3.0935
3.1117
-0.8970
-2.9425
0.6896
-0.9276
-3.2462
1.2984
1.5348
2.3539
-2.7360
-1.0426
2.5801
-0.6641
0.5118
-1.4233
-3.3508
-1.6435
2.7452
-0.7334
3.3483
1.2238
-1.2210
-0.3321
0.6679
2.8484
-1.4782
2.8470
-1.1794
0.9118
-2.5647
-2.6605
2.7532
0.7055
-2.9578
2.5879
-2.6082
-2.8988
-3.0044
0.9854
-2.7172
1.0226
-1.6523
1.0414
-3.1324
-0.7903
-1.4751
-3.7132
0.7402
-2.4591
2.7331
1.2161
-1.2089
-0.4970
-0.9317
1.2610
-3.0786
-0.5123
-2.9567
3.0816
1.2699
-2.6684
-2.6983
2.8488
-3.1543
-2.8813
0.9751
-1.1938
-0.8579
-3.2918
1.4413
-3.4083
-1.0648
-1.0526
-0.7399
3.4355
-2.9994
2.9390
3.5579
-3.0093
-3.1348
2.9815
-0.5670
-2.9419
-2.6842
-1.2009
-0.6293
-2.9583
-1.1721
2.6906
-2.0993
-3.0110
-2.8683
0.3962
0.8531
-0.6015
0.3997
-3.1783
-0.6122
0.8768
-0.5567
0.3746
1.7535
-0.3553
2.7867
0.7017
-2.8880
-3.2643
1.5699
-2.7626
-3.2204
-2.3419
-3.3262
1.1969
0.8871
-2.6674
-3.1247
-2.6486
-3.1904
1.0239
1.1237
3.4278
-2.9945
2.6427
1.5988
-2.7635
-2.7841
3.0737
2.8483
-2.3087
-0.9218
-2.7097
2.9950
1.3097
3.1850
1.4081
-1.0841
0.7122
-2.6553
0.8123
0.8865
2.7577
-1.0504
1.2438
-3.4091
2.6520
-0.6783
0.7899
-1.1380
0.9930
1.1277
3.0863
2.7032
-1.2418
2.9537
2.9676
-2.8128
-3.2839
1.2038
-3.5093
3.1311
-3.7673
0.5215
-0.9822
0.9680
1.4440
3.2734
3.2630
3.0894
1.0076
-1.4223
1.2464
3.9736
1.0514
-2.4902
0.7888
0.5803
-0.3787
-0.8634
1.4446
3.0755
1.6249
-1.0870
-3.7724
3.1355
0.9612
-0.7653
3.2445
1.1181
-2.7540
-0.8740
-3.2529
3.6226
3.0383
-0.5897
-3.3065
-2.7721
-2.5578
1.4215
1.1307
-3.7412
1.0472
-0.8718
0.3426
1.1837
1.1053
0.5439
0.5565
-3.4032
-2.6851
-2.9846
-3.6787
-3.5708
1.3601
1.3913
0.8359
-2.9375
-3.0136
-0.8732
-3.0883
-1.2355
-1.0430
1.0171
2.9208
2.9780
-3.0936
-0.9033
3.1387
-0.7618
-0.5911
0.5709
-0.5936
-2.9644
3.6891
2.5612
2.7607
2.9306
-0.6247
-2.5104
2.8692
-1.0204
-2.4592
-0.8455
3.7336
-3.4835
1.5007
3.2979
-0.3995
3.5845
1.6232
3.0952
-2.7923
-3.2504
-1.3136
-2.9636
2.6327
3.2331
2.1840
-1.0249
-3.4242
1.5626
3.2737
-0.5542
-0.9150
2.6036
0.6606
0.9897
2.4928
-2.9851
1.0387
-1.3246
1.2796
-2.9836
0.8119
-2.8617
-1.0416
-0.9976
0.8861
1.3389
-3.0845
0.5503
3.1699
-3.3770
0.3370
-3.1352
-0.4579
0.7025
-0.5665
-0.8248
2.9757
-2.7482
-0.8258
2.8440
0.6092
1.0954
3.6898
1.2014
1.1116
2.9846
-0.5346
2.9810
-2.9885
1.0758
-0.7414
-1.3693
1.1999
0.7915
-2.7412
-3.0698
1.0119
-2.9586
-1.1407
-1.6637
-0.8372
3.4632
2.4494
1.1610
0.6331
-0.7583
1.5148
3.0133
-1.2150
1.4077
3.0292
2.8063
2.6556
-0.9874
-1.4869
-3.0114
3.2712
-3.0991
1.2323
1.0725
-0.6877
-3.4035
-3.1071
-1.2010
-0.8469
-3.6285
3.1636
2.7548
3.1460
-2.9563
0.6187
-2.9528
0.8414
-1.2456
-3.2399
-3.4183
0.7084
-3.1612
2.8703
-3.2203
-2.9229
-0.9639
1.3437
2.8624
-2.6488
2.4754
-0.6781
-1.2545
-1.1257
-1.1759
2.8266
-1.0061
1.0880
2.7395
-3.0818
2.8895
-0.7233
1.4684
2.7460
-0.9901
3.5786
-1.1307
-2.5068
0.5848
2.6530
-3.0551
-2.9970
3.0084
-0.8434
-3.6310
1.1173
-2.7408
0.3996
3.4614
0.8282
1.0694
1.2995
1.4152
-0.8120
-0.8962
-2.6145
0.7404
3.0685
2.4501
-1.4797
0.2753
-1.1428
0.8264
0.9660
-3.2706
-0.9892
2.9813
-3.2465
-0.6190
0.8695
-3.5520
2.8726
3.6793
2.7863
-2.7697
0.2755
-1.4632
-0.6880
-3.4384
-3.0924
1.0998
-2.8609
-2.7544
-3.2770
-0.8656
1.5375
-3.6237
-3.2088
1.3272
1.0851
-1.1856
2.7183
-1.2360
2.6434
0.9767
-3.1523
3.0676
-3.9044
-2.9059
3.2549
0.4994
0.4714
-1.8339
-2.9529
3.0927
1.0975
-3.2963
3.1205
3.6800
-3.5323
2.9652
1.0959
-2.2888
-0.3559
3.3762
-1.0395
-2.4463
0.7358
-3.2974
-1.1737
-1.3074
-3.4900
-1.5726
2.6760
-0.5399
1.1293
-0.7645
-0.8755
-1.3267
0.5274
3.1452
3.2167
1.0597
-1.1930
1.6000
1.1024
2.8776
-0.7404
-0.9825
0.3774
-3.3801
1.2244
0.4844
0.9018
-2.9697
3.6287
3.3807
2.9415
3.1003
-2.6996
-3.1110
3.5515
3.1927
0.6811
-2.6431
-0.2077
-1.3874
1.1114
3.1810
1.0130
1.4017
-3.4404
-1.3622
3.1994
0.6907
-2.8465
-3.0370
-3.3964
2.6756
-3.4053
-2.5941
-1.4938
2.6173
3.1100
-2.8869
3.2765
-2.9381
-1.1234
-2.8791
-0.5241
1.2248
-2.6471
-2.6366
-2.6335
2.3921
-1.1742
-0.7526
2.9767
-1.1487
3.1781
-1.1142
-0.9094
3.6516
1.0920
0.9453
-1.7516
-1.0935
-0.8712
-2.8698
0.1634
-1.2370
1.5244
-0.6931
-3.2687
-3.0988
3.1957
1.1349
3.0463
2.7308
-0.9109
2.5547
0.6517
1.4574
3.2218
-1.0732
3.0360
-2.7537
0.3300
3.1331
-0.7162
1.0571
-2.3591
-3.1408
1.0051
2.6913
0.9115
-2.8786
-2.3566
2.5518
3.3556
2.8063
1.4403
-2.9488
0.9849
-2.9915
-3.8273
2.9753
-3.1152
0.9311
3.1673
2.8436
-0.9262
-1.1212
3.6103
0.4452
3.0374
-1.4190
1.1621
1.0802
2.9751
-2.7038
3.2166
-2.5913
0.5530
2.9126
1.3553
3.0592
-3.3056
-1.4658
1.1758
-1.2913
2.7800
-1.9545
-1.5569
-0.4972
3.0860
-1.2323
1.9474
0.5955
-3.2257
3.3747
-0.8167
-1.1016
-0.9827
-2.4481
0.8015
2.9846
-3.3568
0.7039
3.1573
0.9629
3.3004
-0.6005
-3.1094
3.0433
-0.6791
0.6630
2.8028
-1.0535
2.5489
1.3979
3.1805
2.8386
1.4434
0.7650
0.6461
-0.3283
-0.7844
1.1465
0.5745
-0.9486
-1.1060
-3.0023
3.8644
-1.1436
-2.8343
1.4341
-2.8392
-3.2153
0.3924
2.9705
-3.1326
2.6577
2.8608
3.4656
2.2959
3.3444
-3.3877
0.6445
1.2041
-0.8175
2.3930
-3.0777
-0.8352
-3.4174
0.8863
-1.3536
3.3292
1.1114
3.0359
-1.3469
-3.0485
-3.0906
2.5150
-1.0285
-3.6384
2.6711
3.0216
-2.8943
3.1977
2.6825
-1.5264
-2.9400
0.6987
3.0819
-3.1093
1.0190
-3.0323
3.3920
-3.2818
-3.0113
0.9443
-3.0455
-0.8832
2.6924
-1.1941
-3.4922
1.1137
3.3885
-3.1708
0.8929
0.7976
-1.1969
1.2680
-2.8223
2.4048
-2.7871
2.9926
2.8729
-0.6855
-1.1843
-3.1218
-1.3815
0.9545
-3.0767
3.2770
-0.9014
3.0079
3.6204
0.9314
-0.7384
0.7196
-1.2515
2.7426
-0.9208
-2.9461
1.4074
1.2445
-0.5363
-2.9235
-3.2406
-0.6645
1.3096
-2.9033
2.6875
0.4993
1.3075
-1.1619
3.1863
3.0570
1.6371
-3.4758
-1.5747
0.8848
-2.9446
-1.5992
3.2294
0.7371
-2.7463
-1.1373
1.0108
-3.1582
-3.4201
2.8576
3.8078
3.7107
-0.8333
0.6440
3.0415
-2.3898
2.8895
0.4169
-0.7545
0.5144
0.9273
-0.9830
-0.9113
-3.1713
-3.2482
-1.1623
0.4506
3.8689
0.2694
3.0288
-1.0309
-3.2424
-1.2985
2.8046
-2.8831
2.9344
-2.7129
2.3034
-0.3261
1.3600
0.7613
1.3561
2.8666
3.1904
2.7084
-3.2300
0.7563
0.9400
-2.7472
-0.7242
0.6661
-2.9744
-2.5589
-0.8605
-0.5918
-0.8176
0.9729
-1.4162
-2.4549
0.7630
-2.8385
-3.1739
-0.8074
2.4629
-0.8427
-1.1565
0.6331
-2.9364
-1.1886
3.2025
-1.1371
-3.3904
-2.7696
3.2505
-0.4739
-2.5338
-1.2483
2.3363
2.2912
0.8779
-2.5694
1.6425
-0.6380
-2.9491
-1.6646
-3.0061
-1.1276
3.2936
1.3791
1.1991
2.7218
2.0482
0.7593
-3.4265
-2.7074
-1.6782
2.4719
-1.1533
-3.0293
-3.1794
0.7677
2.9922
-3.7324
1.1297
-3.1076
2.9910
0.8337
0.2755
3.4440
3.1819
3.0812
2.8440
1.5369
3.4329
0.8830
3.6258
-0.7795
1.1481
-3.2073
3.0433
-2.5547
3.0602
-1.2972
-1.5616
-0.7452
0.6528
-2.7926
3.2016
2.8506
-2.7468
-1.0594
-2.9200
2.6517
2.0795
-2.9171
-0.7626
-0.5263
-1.2662
3.4576
0.7982
1.1230
0.5169
1.4362
-2.7946
-3.4519
-0.7303
1.3246
-3.1014
-1.3689
1.2199
-3.1605
-0.9984
-0.7230
-1.5010
-3.1329
-2.4503
-2.3504
2.8394
3.1445
0.2529
1.1385
-2.6495
0.8460
-0.7874
1.4273
-3.1866
-2.4392
1.0085
-2.8991
0.5290
-1.1256
-2.4088
0.8580
-2.9563
1.8669
-1.0995
-2.6980
3.0776
-0.3529
-3.5662
1.0539
-1.0583
-1.1601
3.3532
2.6438
1.6980
-3.4447
2.4601
-3.3221
3.0317
3.4372
2.9530
-0.7024
-3.0017
-1.1051
-0.9819
2.8099
1.1223
-0.9792
2.7052
0.7696
-0.8661
-0.9373
3.4539
3.1981
-3.5509
2.2744
3.0018
3.0513
-3.0051
-3.0852
-1.3676
-0.8199
2.8106
-1.1272
2.9132
0.5334
-3.1760
-1.0452
-3.3519
3.0934
1.2004
-1.0093
-1.0468
0.9245
-0.1384
-0.9660
2.9162
-0.6547
-0.8031
-1.2930
0.6077
0.5619
-0.6962
-3.5529
2.8053
3.3493
2.2274
2.4562
2.2213
-0.2263
-1.3500
1.4160
-1.3186
-3.0252
1.1134
2.5867
3.6098
2.7576
-1.0947
-2.8330
3.5919
-2.7056
3.8254
0.9540
3.2572
-2.8071
-3.2760
3.1555
3.0098
1.3902
0.9179
-2.9835
-0.9345
-0.6360
0.5466
-2.9990
-1.6826
-2.4636
-1.0838
0.7851
-3.0455
-0.7091
-2.7452
-0.8788
2.4128
2.8100
2.9835
2.5747
-1.2767
1.1022
-3.3331
0.8365
-2.8887
-0.4413
-0.6227
3.4455
3.6887
-0.7361
0.8186
0.9515
1.0052
0.9247
-2.9197
3.2497
3.0156
-3.2114
-0.3609
2.9382
-2.6549
-2.8917
-3.2613
-3.1748
2.8297
1.1936
0.7271
2.8360
-3.9034
1.4337
2.9944
3.2477
-0.8040
2.9002
-0.6784
1.3440
1.2677
2.4926
-0.9260
-2.8781
0.6929
1.1983
-1.0370
-3.1688
0.7835
3.4688
-3.5380
-0.8041
-2.7128
-1.0159
-1.1372
3.1652
-0.7686
-0.8180
-3.3423
1.3539
-1.4819
-2.9324
-3.0097
-3.2046
-3.7399
0.6052
-0.3724
1.1645
1.4621
3.4093
3.6340
-1.4156
-2.6744
2.6249
-0.8171
-3.3424
3.3181
-1.6737
-1.2004
1.5747
-3.0038
-1.7838
3.0951
-1.4725
-2.5073
3.3021
2.8439
-1.5573
0.1700
3.4000
2.9864
3.7170
1.1758
-3.4214
-1.7889
-2.9412
2.7178
-2.6864
0.7523
-0.7032
1.0668
2.7901
-2.8515
-3.1907
-2.9074
-3.2682
1.2226
3.2029
-3.6263
-0.8337
-2.9019
-1.4959
-1.7327
0.9432
-0.8753
-1.3136
-1.1104
2.5099
3.1078
2.9733
1.4310
1.3683
-1.0084
-0.6635
1.2702
2.9012
-0.8189
0.6734
2.8150
3.2953
-3.0541
-0.6056
-2.7878
-3.6228
2.6899
2.6463
0.8539
3.0370
-3.0361
0.1681
1.1016
2.9548
1.0539
-1.1012
0.8295
1.0189
0.8550
2.8942
1.2824
0.7625
-1.3693
-2.5386
1.7685
-1.6439
1.2273
0.7548
-1.0917
1.5954
-0.6632
2.9450
2.8500
1.3738
-0.8180
-3.0043
1.4703
2.7303
-0.3270
-0.2994
-0.8294
2.6189
-3.0125
-2.9355
-2.8119
-3.0680
1.0710
3.6469
0.5350
2.9564
-3.0032
-3.6097
-2.8772
0.5611
-2.7523
-2.9953
-3.4645
-2.0359
-3.1685
0.8447
-1.4499
2.6393
0.6385
-0.6123
-0.7658
-2.9437
3.1414
1.0949
-0.9743
-2.8200
-2.5313
-0.3382
-0.8457
-0.3238
-1.0800
3.1947
0.6037
-3.3685
-1.0534
-3.0904
-1.5209
-3.2203
-2.3887
-1.6622
-2.9692
0.7081
0.9222
-2.8941
-0.0539
-2.9913
2.6046
1.3729
-3.0485
1.2541
-2.9350
-2.8697
-3.0286
2.7326
-3.1776
-0.6069
2.6011
2.6941
0.8079
1.2944
-2.5449
2.8850
1.2565
-2.6820
2.8608
-2.7767
-2.5425
2.7535
-1.2547
3.0667
-0.8900
-2.5891
-1.4031
-2.0141
2.9336
2.8973
0.5317
-1.3483
-3.2343
3.1856
3.0537
2.8421
-3.0088
1.5173
3.5150
-1.0432
-1.2969
2.8248
-2.5991
1.1539
1.0519
3.0144
2.9922
-2.9468
2.7384
1.4816
1.7040
-2.7768
-2.7628
-2.6473
0.6179
2.2869
-1.3393
3.7958
0.6210
-0.4319
0.8720
3.5458
-0.7315
-2.8289
-2.3356
3.2005
3.6545
-1.1414
3.4211
2.7538
-1.9256
1.4152
-3.3742
2.8679
3.7149
-1.5713
-0.8900
2.7569
0.8997
-0.8805
2.1258
-1.4600
1.6526
-3.5532
1.3962
-1.0821
-2.8260
-1.1227
0.8294
-0.9169
-1.2121
1.4996
1.3434
1.0277
-3.3740
2.9551
-0.9014
-2.8405
-2.7728
-1.1633
1.4019
3.5442
1.5720
-0.9487
2.8752
0.7974
1.0702
0.9821
1.3405
1.2380
0.6385
-3.2407
-1.3085
-0.7460
-0.9742
3.0646
-3.0075
-0.5074
2.2661
-0.7870
3.6526
-2.5627
-0.2461
-0.7776
-3.1681
-2.7264
3.5307
-3.1246
3.1093
0.8012
2.8326
-3.1565
-1.1952
-0.7537
-3.4671
3.3584
1.2485
-2.8934
-1.0661
-1.0164
-2.5395
-2.6347
0.6685
-1.1960
1.0776
-2.4633
-2.9982
3.0925
2.4147
2.7057
-3.8588
-3.3265
1.4881
0.5633
2.6268
-2.4710
-1.1387
-3.8362
2.7734
-1.3182
0.6145
-0.9804
-1.2741
-0.8001
-0.9963
2.7576
3.1633
-2.9128
2.4545
0.9948
-1.2719
3.5237
2.7350
-2.8647
-2.4774
-2.9090
2.6233
-2.9309
-3.6216
-1.1596
2.5468
3.4245
-0.7766
-2.7983
2.9875
1.3593
-3.1194
-0.6719
-0.9156
3.2444
3.0431
-0.7083
-1.0274
-2.9100
-0.5326
-0.6131
-3.1221
-2.7794
1.4741
-0.7618
-3.2716
-2.9473
3.4693
1.2499
0.8155
-0.7914
3.5952
-3.3938
0.7144
2.4144
0.9956
-3.2853
0.8359
-2.8711
-3.6312
-1.2407
-2.3164
3.5671
1.3529
0.9875
2.7901
-3.3757
-3.7532
-0.4311
-1.5953
-2.2983
3.3639
-2.9732
1.4875
-1.0235
3.2412
-2.9760
-2.7346
-2.8840
-1.2693
-3.1427
0.6479
3.1600
1.2452
2.9427
-3.4966
-1.3838
-0.1361
3.1851
-3.0764
-1.0826
-0.7749
1.5652
0.4908
-2.9882
-1.2825
-0.4239
-1.8484
0.4870
-1.7811
0.8761
-2.4390
-1.2785
2.8173
4.0990
3.2907
-1.3537
1.3486
3.4121
0.5197
1.0711
3.0134
-0.9187
3.2649
-0.8363
-2.7868
2.6468
0.5256
1.0905
-1.2668
-1.7208
3.3438
1.1580
2.6882
2.8314
0.8982
1.1423
0.8006
-0.8664
-0.7510
-3.0986
2.9444
-3.4028
2.7489
1.4561
3.4177
-1.0040
0.7412
-2.8744
3.3206
0.2435
-2.3729
-2.9192
1.3950
0.6646
-1.3185
-2.7156
-1.3892
-3.2093
3.0388
2.6255
2.2926
0.6974
0.6646
1.1989
1.0498
1.4171
-0.7977
0.8834
3.0968
3.5400
-1.0433
-3.6686
3.3205
0.9922
1.1922
0.3328
-2.7927
2.7289
0.9812
-2.3454
-0.8352
-0.5339
3.2081
-1.5436
-3.1639
1.3798
-1.2203
-1.2371
-0.8536
-0.4112
0.8785
1.3679
1.5664
2.8459
0.5887
1.0275
2.7864
-0.8045
-0.6149
1.1670
1.7125
2.7878
-0.8900
-3.1866
-2.7360
-0.6090
-1.5731
1.1117
-0.5003
-0.5022
-3.1026
-1.3640
2.9520
3.3090
1.0582
-2.7304
-3.5486
-3.2730
0.6655
-0.4487
3.0836
3.1478
2.7377
2.9724
-1.2847
1.1572
3.0902
0.8146
-1.1134
2.2482
1.2084
-1.0518
-1.0378
-3.7977
-2.8596
1.8623
3.2632
-3.6686
-2.8270
-3.2526
-3.2375
-3.1972
2.7913
-2.9894
2.7771
2.7667
-2.4632
2.9297
0.6700
2.9987
-0.7248
-1.1440
3.0990
2.8386
-0.9614
-2.9211
-1.0075
3.0339
-3.1383
-2.8307
3.0989
-2.9417
3.2704
0.9350
1.4069
-1.0525
-2.6631
-3.0777
-2.5056
-0.6627
2.5664
-1.4190
-2.9579
3.2002
2.6362
-3.1822
1.3739
2.7808
3.2322
1.3792
3.1086
-0.8572
1.3595
0.7431
1.0226
-2.8588
0.8356
3.2076
1.0240
1.0979
-0.6434
-2.9167
-2.9193
-0.6346
0.6614
-3.2636
0.5133
3.2882
-1.2716
-1.1145
1.2093
3.0687
3.3567
3.0167
-1.0623
-2.4356
3.3073
1.2393
2.3747
1.1315
0.9667
3.3905
0.4953
3.1179
-0.8726
-2.7425
-2.8551
-0.6766
2.9574
0.6006
0.7565
0.8582
-0.7881
-0.6236
0.5872
-0.5801
1.0959
3.2986
0.9474
-0.7735
-0.8611
-0.5230
-1.2041
3.1860
-0.9283
-1.5975
1.1356
-0.2159
1.8146
0.5186
-0.7366
2.4996
-3.0459
-3.3992
-0.9005
1.0786
-2.8175
2.8597
-1.3983
-3.2871
2.5985
-2.9496
2.6327
3.1148
-1.0684
-0.8784
0.8713
-2.6271
-1.0122
-0.7208
1.1511
-3.3213
3.0272
-0.7486
-3.4006
2.1538
-3.0120
2.1932
0.8807
-0.9120
-1.0541
-0.7963
-1.1117
-2.9701
-0.4162
1.4818
1.0719
0.9148
0.7151
-2.9164
-2.2139
-3.0481
-2.4208
-1.0785
2.5298
2.6196
2.9185
-2.6277
2.4943
-2.4856
-3.2065
-0.7839
0.6362
-2.7959
1.2308
-3.0814
2.8595
-0.6823
-1.0816
0.6185
-0.8862
-2.9500
2.9729
0.7387
-2.9832
0.7209
-3.2809
-0.9837
-2.6344
0.8050
0.8223
0.8513
-1.6319
0.8387
-2.9427
3.0421
3.0601
0.6454
-1.2276
3.3327
-0.9158
-3.1310
-1.4821
-2.8688
-3.3211
-2.9708
-3.2052
-1.1638
-3.1896
-1.4852
3.4826
-0.4978
-0.7723
-3.0890
-1.2773
1.1093
1.3293
3.1092
-3.1296
-3.0202
3.1396
0.8110
-2.8304
3.2328
2.8989
-0.9430
-1.2509
2.2667
-1.5748
-1.0746
-2.8560
-1.7214
-3.6053
0.9910
-3.1887
-1.1323
1.3808
1.2511
0.7194
-2.6867
-1.0549
-1.1762
0.6522
-3.0956
-2.6150
-3.1063
-0.9808
2.9355
1.1625
0.9706
2.8446
3.3928
-2.6853
-1.0886
2.5510
-3.3698
-1.4709
-1.2083
-1.0711
1.2737
-1.3034
-3.4071
2.1215
1.1087
0.5239
-1.1591
-0.8291
1.0704
0.8209
-1.5291
2.9385
-2.6805
0.7907
1.2486
-2.7361
-1.5428
-1.6473
1.1357
1.2331
1.2696
3.1030
3.0555
-3.1534
-0.9104
-0.8824
-2.4285
0.4080
3.4840
-3.5558
-0.9043
-1.4293
3.3386
2.6408
3.4546
1.6204
-2.9562
3.3898
-0.9672
-3.4443
-3.5184
-1.3214
-1.5646
-3.1909
3.5164
-0.8811
1.2331
-1.0417
0.9819
3.4408
1.3163
0.8704
-0.9842
-2.6183
-3.4543
0.9503
2.8023
-3.0081
0.8187
-0.7047
0.9048
-0.7445
-2.3074
0.8780
2.9934
-0.9190
-0.7062
-0.3904
-0.5796
3.5458
-1.2401
-0.9786
0.5282
-1.0242
1.5566
0.9759
-0.7253
3.9653
3.1078
-1.6933
1.1987
1.4378
0.9980
2.6993
0.6990
0.4589
2.9050
-2.7390
1.0986
-0.9883
0.7478
0.7855
2.5094
1.5584
0.8367
-3.2516
1.2730
-0.8316
-1.3810
-2.5513
-0.3366
-1.1554
-0.2779
-3.7469
-2.6093
3.2351
0.9543
0.9973
-1.2355
-2.9058
-1.1232
-0.5919
1.0222
3.4704
-1.0947
-3.2587
-3.2512
-2.4786
-3.0092
-0.6212
-1.2485
-0.9941
2.3520
2.8494
-3.0835
0.6031
-0.8764
0.5817
0.8753
0.9911
0.9877
-0.8873
-2.7469
-0.9949
2.8315
2.8853
-1.1195
3.5298
-3.0691
0.7807
3.1442
-0.7650
0.6322
1.1395
2.6269
-1.0986
1.3997
0.4971
-2.7314
2.8530
-0.6654
0.4158
-1.1686
-2.7441
-0.9416
-0.3470
0.7699
-3.0482
3.0779
-1.1506
-1.0208
3.4254
0.5284
-0.6394
-3.1003
1.4380
2.9345
-1.2939
-2.6560
-3.0159
-2.9744
1.2640
-0.9816
3.3413
2.0522
2.5233
-2.9932
-3.1959
0.0852
1.2413
-3.5290
-1.0196
-1.0397
-0.7920
3.0960
-1.1170
1.3583
-0.9026
-0.9028
-1.5941
-1.2587
-1.4093
0.6832
-2.7081
-3.0662
-0.9884
-3.0911
-2.6897
3.2121
-2.9378
-0.7687
-3.1710
-0.3099
0.8491
-0.7496
-0.1991
2.8716
-3.3578
-2.6008
-0.8083
-1.6546
-1.0863
-2.8256
-2.7169
1.0260
2.0424
3.4409
3.6814
-1.3562
-3.4854
0.2151
-1.2954
-0.7123
0.7758
-0.9497
-2.5074
1.1620
3.3433
1.4997
3.0107
-3.2039
2.9606
2.4509
0.9882
3.7261
-1.3224
2.6428
-2.4792
-3.3598
1.5263
1.6318
-2.8936
-1.4064
-3.1208
-2.7795
1.0326
1.1802
1.0522
-1.0395
-2.7042
3.5941
-0.9764
0.9007
2.8894
-3.4884
-1.0600
3.1856
1.1781
-3.3416
-1.2009
0.6747
-3.2744
-1.2583
2.7794
-2.9826
-2.9727
3.2424
0.9579
-1.0507
1.6464
1.1783
1.1700
3.4371
-3.3140
3.5348
2.6854
0.9143
1.1173
-2.6893
-0.9989
3.0951
-0.5418
-0.8512
-2.7600
-3.1894
-2.9818
-0.6308
-0.8796
0.7714
-3.0598
2.4575
1.2867
3.2865
0.8560
-0.4228
1.0918
1.4020
1.2193
0.6790
1.2718
1.2866
-1.0035
3.4238
-2.9823
0.4883
-3.4789
1.0181
2.5219
3.1810
-2.3500
2.2842
-0.7433
-3.3057
2.6066
1.1235
-1.1131
1.1481
1.3253
0.7929
0.8209
2.9054
2.9026
-1.2676
-3.1781
0.7960
1.4021
-0.6430
-0.7267
-3.1411
3.3315
-2.5991
-2.8134
2.5789
2.9043
-0.9832
-0.6607
-0.6149
-3.0782
-3.0525
0.5376
1.4020
3.0610
3.1112
-2.8527
-1.7980
3.6244
0.5540
-3.4051
-2.8145
-2.8919
1.0496
2.9615
-1.2547
-1.0495
-2.8161
0.9062
1.1290
0.5227
-2.4814
-2.6300
0.9730
-0.6274
1.1075
3.5913
1.2903
2.7705
-3.5479
2.8576
-2.8233
1.0522
-2.7149
-3.3464
3.3907
3.2289
-0.5447
-1.0727
2.6919
-1.9879
0.7101
1.0783
2.3770
-0.4586
0.7285
0.7557
1.0008
-1.0530
2.5658
1.0670
-3.4640
0.5724
1.4199
0.9015
1.3873
2.1629
0.9888
-0.9224
0.7706
1.0460
-2.8573
3.4479
-1.1275
-0.9453
1.0852
-2.8846
-2.5866
0.8720
-1.5882
-0.5163
0.9541
-0.4411
3.4451
-1.2371
-2.9811
3.5144
-2.9365
-2.7946
1.1709
-0.4630
-0.3780
0.5569
-0.6223
0.8840
-2.5256
0.9648
-0.9306
-0.7156
0.8631
-1.7670
-1.5422
-0.7670
-3.1752
3.3711
2.9945
0.8093
2.4425
-1.5827
2.8192
-0.8924
1.6897
2.9048
3.4123
-0.5261
2.9409
2.3326
3.1655
2.2696
-0.8036
-2.7856
1.5843
-2.6635
3.1283
2.8812
-2.7769
1.1584
-1.1537
-0.7117
2.9106
2.6600
0.5951
2.8502
0.6941
-1.3469
-0.3747
-0.7837
3.0903
1.4471
-0.5737
-2.9381
2.8972
-2.6689
2.3381
1.3920
-3.2529
2.9767
2.4055
-1.3576
-1.3164
-1.1008
-3.2821
-2.8217
0.7336
3.5392
-0.5142
-3.4514
-1.2263
-0.4488
-1.0637
-3.1174
3.0653
0.3248
1.2931
-0.8149
1.0591
0.7628
0.5705
0.6688
-0.5787
-2.8952
-2.5796
3.6223
3.0231
-1.4299
0.8847
-2.5650
-1.0432
-2.9435
2.8557
2.4870
-2.7193
-2.9008
-2.9823
-0.6096
1.1808
-1.0120
-1.2771
2.7153
0.6763
3.2152
1.1817
-3.2393
0.9503
3.1852
2.8464
-0.7401
-0.8560
2.9672
-1.2564
-0.4949
-0.5545
3.0995
0.7694
-2.9823
0.4629
-3.3361
-3.2411
-0.5938
-3.0188
1.5785
-1.0118
2.5496
3.3369
3.4798
3.1254
-0.9158
2.9471
-1.1924
2.9250
-3.4924
-0.8035
0.8278
-1.7045
-1.0262
3.2275
3.4989
-0.7093
1.3354
-3.2352
2.9387
3.6358
0.8409
-2.9836
2.9739
0.9368
-2.5179
-0.6493
-0.9948
2.7174
2.3695
-1.3091
-1.3408
-3.0335
1.0024
0.9386
-1.1958
-3.2886
1.2949
-2.3997
0.3800
-0.9015
-0.2903
1.6766
3.3625
-3.3464
-0.6812
-0.8107
0.6853
2.9166
-0.9394
-3.2315
-0.7560
-2.4172
-0.9665
3.1282
-3.2572
2.8894
-0.2916
2.9244
3.0876
-1.0035
-1.4609
-3.2743
1.2946
2.8202
1.0634
-2.6815
3.0583
0.8195
2.5249
3.1617
1.5098
0.5381
-0.8693
2.5115
-0.8886
1.4832
0.9595
1.2609
3.2829
-1.2433
-2.9710
-3.0484
1.0221
0.6268
3.8411
3.0585
0.7446
0.4815
0.7507
3.6353
-1.2032
-3.8054
3.0711
-2.8004
-2.8402
-0.5703
0.4577
0.8387
-1.0210
2.5998
-3.2374
-3.0032
-0.3757
-1.4769
-1.2393
-0.8072
1.1488
-2.4959
-3.5544
-3.4466
0.9221
1.2432
0.9155
-0.5167
-3.1689
-1.1004
-2.9433
3.4736
-1.5063
-3.0997
0.8683
-1.3346
2.8669
0.9757
3.0224
-3.3106
-0.9811
-3.2922
2.4958
1.4195
-1.0825
1.0852
-3.1889
0.2178
1.3175
-1.6545
1.2207
0.9084
-2.9052
3.2183
-3.1953
2.7234
3.0503
2.9091
0.6095
1.0955
1.6517
0.8394
1.2445
1.3144
-2.4721
0.5067
1.2941
-1.0407
-0.8615
-2.6537
-0.6619
-3.1194
3.4049
2.5388
-1.1224
-0.3619
3.6992
0.8723
1.6811
1.3345
-1.0637
0.9133
2.6402
1.2747
0.9680
0.7586
3.0320
0.2730
1.1000
-3.2628
3.8327
2.7489
-2.2892
1.1590
-0.7372
-2.4798
1.3313
-2.5821
-1.7506
-2.7851
2.8802
1.3065
-1.3277
0.6162
1.4144
0.8366
-1.2608
1.3698
-1.3726
-1.1510
-2.8768
1.6536
2.6469
3.1193
-3.0175
2.9753
1.1065
-0.9484
0.6436
0.5181
-1.2534
2.9160
0.7961
-2.7959
-2.9370
-2.7010
2.6635
-3.0172
-2.7751
3.0232
-0.9034
-3.4749
0.6568
1.3967
-3.1050
-1.1008
0.6865
-2.9343
-1.1997
-1.3520
-0.6432
-3.1905
3.1093
-2.7006
-2.9878
3.0021
-1.0790
2.9535
-1.4801
1.0231
3.3664
2.7352
2.6930
-1.2360
-3.0203
-0.8017
-0.8593
1.0637
-2.5395
0.5068
-0.9402
2.5918
-0.9015
0.7410
0.5993
3.2690
-2.6270
-2.8497
1.1842
-2.9850
-0.8517
2.9124
-2.8996
-0.6244
3.0135
-0.8233
-0.3385
2.9328
2.9016
-0.6914
-1.5484
1.4425
-0.9128
2.0244
2.8688
-2.9537
2.7707
-3.3173
0.8403
3.3981
-3.1245
3.5952
-1.2305
1.4630
-2.5451
-2.4602
0.2884
1.0605
-1.4405
2.9948
-1.4886
-3.4754
-1.4758
-3.3739
-0.6501
3.1443
-3.2790
-3.1758
-3.4834
2.9360
-0.4369
-0.8167
1.2813
2.9870
-3.0938
-2.8205
-2.7557
2.4997
-1.0989
1.1585
-3.5479
-0.6663
-1.1940
-3.0305
1.2424
-1.0838
-2.8436
-3.5958
1.0205
-3.7463
-3.1192
3.1862
-3.3345
0.7434
-2.1362
-0.9144
-1.0944
-2.3495
1.1961
1.7278
-3.4062
-0.5583
-2.8045
0.8487
0.9777
0.6841
2.9319
1.7357
0.5663
-3.0288
-3.2078
-0.7927
2.7328
-3.0332
-1.3770
-3.3395
0.9403
-2.7412
-3.1976
0.6624
1.4273
-0.8658
3.3872
3.3592
1.1344
2.5098
-1.4825
-3.3699
0.7998
-1.5710
0.6402
0.0307
-3.0110
-1.3854
-1.1237
2.8653
1.3467
0.6954
-0.5889
-2.7284
-1.0221
1.2417
0.8168
0.7887
1.3090
-1.1721
-2.0886
-2.9532
3.7589
2.6560
-3.9106
2.9967
0.8942
3.4262
-1.2978
1.2634
1.0168
-0.3125
1.2143
-0.9338
-3.0716
-3.4215
-2.8680
-3.2539
3.3313
0.8737
-3.3428
3.1837
-1.3574
-3.2996
0.3941
0.3118
2.8408
0.9046
2.7945
-0.9400
-2.9661
0.7054
3.4608
0.8269
-2.8540
2.6734
-0.8389
-1.3094
-0.8411
-2.5120
0.5828
-3.0366
-3.4573
-0.6994
-1.3627
3.1370
0.6351
3.2405
3.3132
1.0479
-3.1682
3.5318
-2.8589
3.3347
-1.0550
1.0346
0.4992
-3.2742
0.3548
2.8580
2.7811
-1.0326
3.1925
-2.7937
0.8592
3.0555
0.6549
1.6180
3.7260
-0.5377
-1.4395
-1.6299
2.6533
-2.8468
-1.4594
0.9814
-1.2054
3.2498
1.2411
-2.4301
3.7191
0.7753
0.9754
3.4205
-2.4497
-0.7653
2.8103
-2.3539
-0.0358
1.2076
0.9812
0.5259
2.9809
1.1268
-3.3095
-1.2364
1.1794
-0.7108
-3.1714
-3.1521
2.6288
-1.0294
1.1084
0.7152
0.6640
0.7568
-2.8520
2.3893
3.4317
0.7759
-3.1615
-3.2530
1.2512
-3.4177
-3.0839
-2.8673
-0.9820
-2.7956
1.1086
-0.8732
2.1603
0.9817
2.4854
-2.9078
-1.3034
-0.8278
-3.0274
3.1634
2.6686
3.2287
-3.6512
-2.5190
-0.8588
-1.0744
-0.5853
1.4111
2.4253
2.3753
-3.1964
-3.5888
-3.2289
1.3011
2.8434
3.1747
1.1185
2.7319
-3.3757
3.5302
3.1638
-1.3487
2.9602
-2.8096
1.0193
0.7276
0.8364
-3.3439
3.5639
3.1842
3.2897
-3.1649
2.7334
1.6927
3.2061
3.5536
3.0575
1.0282
2.6352
-2.8742
-1.6528
-3.4929
-0.8672
0.5390
1.4678
2.7711
-3.1318
0.8749
2.7475
0.5888
1.7033
-2.1844
-1.6421
-2.7653
-2.7093
-1.2670
-3.1171
2.8909
-2.6063
-1.0889
2.8384
-1.0525
1.7676
-2.6199
-2.6005
-3.3963
1.1025
3.0385
-0.8995
-1.3796
3.0872
-3.0027
-3.3781
-1.0842
-2.8273
-0.9131
3.0388
-1.0523
-3.1643
3.4670
-0.7849
1.3020
1.2087
-3.4748
-3.2623
1.2178
0.8190
-1.3070
-2.7989
0.6817
0.9173
-2.7737
-0.3357
-3.1889
-1.1021
0.5308
-2.8997
1.2543
3.2365
1.2011
1.2864
0.1460
-0.9788
-1.1387
3.2021
-1.1334
1.2572
3.4041
0.9456
-1.5546
3.3831
-0.8787
-3.3276
-0.4799
3.3651
-3.3510
-0.6171
1.5511
3.5756
2.8638
-0.8068
3.2343
1.1973
2.7902
3.4937
-1.1611
1.2184
-3.4605
1.5627
-2.4854
1.0952
1.3729
-0.9519
0.7411
1.4335
-0.7714
3.2658
3.7187
-3.3676
3.3763
2.6367
2.4642
0.6872
3.6837
-2.6100
-0.8208
0.6143
1.0497
2.3996
2.8111
-2.9456
1.1821
-2.9825
-2.8633
1.1702
-1.5629
0.7665
0.6258
2.7184
0.6362
-2.8899
-2.7346
2.8181
1.2022
-3.0113
-2.4845
3.0961
-3.0569
1.1351
-0.3517
2.5950
-2.9195
-3.1855
-1.1250
-0.7189
3.0550
3.1599
-0.8896
-2.8848
1.2822
1.2755
0.7712
0.7381
-3.4480
0.4939
-1.2870
-2.3097
-2.7923
-1.2010
-2.4010
-3.7116
-1.5886
2.7781
2.8816
-1.2536
-2.9443
0.7624
1.2823
-0.8217
0.7121
-2.7067
2.8095
0.5668
2.6803
3.0128
-3.3431
1.2116
-2.7999
-1.1994
-1.5282
-2.8482
-3.1391
-2.7620
-1.4086
0.8564
-2.6384
-3.0466
1.1483
2.6525
-0.5793
0.8106
3.1105
-3.3212
-3.0379
-1.4352
-2.9157
-2.4963
2.8177
-0.2544
-3.7030
-0.6848
3.0464
2.5452
2.6720
-0.9758
-3.3351
1.1909
2.7640
-1.0522
-1.0134
2.8072
1.6644
-4.0515
-3.2793
-0.7565
-1.0783
1.4644
2.6071
-0.7060
3.8147
-0.8436
-0.6711
1.1844
-2.8902
3.5081
-0.6512
-2.5239
-2.9358
0.9738
2.9114
-1.1462
-2.4526
0.9117
-1.1275
3.2119
2.6589
-3.1847
0.8226
-2.7404
0.9130
-3.0618
0.1450
3.4561
-0.5774
0.7633
1.0649
-0.6066
-0.9457
-2.5248
0.4436
-3.1797
-0.7594
-2.6227
-2.3436
-2.6533
1.0194
-2.9182
1.3798
-2.7353
3.0168
1.1464
0.9040
0.3445
-0.5074
-1.5334
-3.5180
1.3818
3.4308
1.0261
3.2785
-2.9595
-0.6861
-1.3408
-3.0564
3.0919
-2.8426
0.6823
1.2426
1.4603
-2.9291
1.1450
0.9644
-1.0682
-0.9886
-3.2759
2.7736
-1.1397
1.0589
-3.1020
-2.8907
-0.9307
-3.0524
-2.8052
-0.9787
-0.7283
3.1308
1.1648
-2.5786
-2.2409
-0.4531
0.7251
-2.6158
1.5086
-0.9919
-3.1438
0.7284
2.5833
-0.4403
0.3457
3.2040
-0.9400
1.5676
-2.4342
-2.7408
-2.8762
0.8399
0.1450
3.1194
2.9913
0.6814
2.7240
-2.8713
-3.1291
-2.8888
2.8747
0.4872
3.3598
0.7944
-1.1366
-3.4519
3.0116
-3.5447
0.8698
2.6087
0.8832
1.3359
2.9416
-3.2150
-3.1530
-3.0171
2.9203
0.8358
-3.0708
-0.9488
1.3041
1.6374
-1.0159
0.5682
3.2543
3.0036
3.3220
0.6830
-3.6788
-0.8900
3.2828
1.3933
1.5881
-3.0744
0.8048
1.8356
-0.6905
-1.1706
0.5857
2.9161
-3.0603
2.6702
-0.6490
3.4325
1.5084
0.5357
2.8839
-0.9139
-1.1450
1.0369
2.5035
0.5030
3.2331
-1.2407
2.5650
1.3458
-2.6386
-1.1409
-2.9644
-0.1345
-3.2536
0.9742
-0.9627
-1.1874
-2.8789
-1.3618
2.7913
-0.9002
-1.8024
-0.8279
2.9267
0.4568
-1.2622
-1.4197
1.1762
-0.8123
-0.7377
3.0262
1.0936
1.4125
2.6590
-2.6209
2.8679
1.2069
0.7007
-3.4545
1.1494
2.8578
-3.1469
-0.9522
1.3194
-1.6385
-1.0840
-3.7447
1.7805
-1.2345
-3.0096
-2.5111
0.6531
-2.5105
-0.9551
1.0271
3.1765
-1.2586
3.5614
-3.2598
2.8327
-0.4593
-3.5198
-3.1169
1.2829
0.2670
-3.2690
-3.0057
0.9498
-3.3075
-0.3669
-3.0849
-0.9498
-2.8585
3.2930
3.3179
1.0855
1.3828
1.1629
0.8352
2.8819
2.7241
1.6970
-3.0080
0.9229
-1.1430
3.1154
-2.8764
3.7126
-1.1789
-1.1301
-0.7361
0.7091
1.1267
-3.1705
-2.7811
-2.0440
2.8430
-2.9191
-0.7238
-2.8915
2.4797
2.4969
-2.9210
-1.3064
-1.0750
0.9596
3.7436
3.9480
-1.2456
-1.7679
-2.5459
0.1997
2.6489
3.0878
0.4076
-0.5418
2.5562
1.0325
1.1271
-3.9119
-1.4583
0.5061
2.9095
0.8904
0.6061
2.9073
-3.6593
-3.1819
-2.8379
1.3178
2.8523
1.4603
0.8090
-0.7665
3.0131
-3.1130
3.2227
-2.9622
-0.6887
-2.4045
-3.6850
-0.4263
2.9861
-2.9577
-1.2811
0.8162
-0.7880
0.7892
0.9013
-2.9645
-3.8214
-0.6253
-2.7917
-3.3936
0.0461
-2.7711
0.6308
0.8741
2.8523
2.2976
-1.0599
-1.1086
-0.7863
-1.1398
0.8447
2.8718
-1.2899
1.0791
2.9505
0.7461
-2.2516
1.0690
2.8459
-0.9122
3.4986
2.5568
-3.6907
-2.7616
0.7589
3.3471
0.4129
2.7674
3.2439
0.7446
-3.2260
2.8426
-0.6639
2.7947
2.7261
2.8718
-0.9991
2.9085
-0.7374
-3.1342
1.0078
-3.1591
1.3379
3.3407
1.4385
2.8104
2.8629
1.7185
-3.2790
-1.5043
0.8325
3.2773
-1.5398
1.0370
-3.2153
3.4128
2.7553
0.4483
3.3121
-0.3211
-3.1746
-1.2964
-0.5111
0.4834
-0.5972
-3.4035
1.8807
2.4515
1.0640
-1.0816
-3.1705
-1.0943
1.3313
2.8155
-0.7352
-0.5322
3.0320
-0.9323
2.7573
-2.8812
-1.3771
1.3751
0.6411
2.7142
3.2539
-3.0196
-1.0685
3.1007
1.0402
0.5781
1.5586
-1.5223
3.2196
-0.7787
0.9620
-1.1133
2.7755
0.0159
1.5426
-0.8311
-2.7014
2.6865
-2.2962
3.4516
-0.5566
-3.0108
2.9449
-0.7253
0.8608
2.9726
0.7315
0.6836
-1.2651
1.0890
-0.6613
1.2013
-2.8228
2.5644
-2.7699
3.0888
3.5255
0.8414
3.8056
-0.3278
-2.8954
2.8621
-2.6203
3.1313
0.5361
-0.9920
3.4679
0.7763
3.4712
3.1940
1.7134
-3.1838
-2.6826
1.0425
-3.7841
1.0600
-2.8418
-2.8109
-2.8833
-3.0041
-2.9974
1.0888
2.9004
-2.7647
-1.1308
-0.9699
1.2611
0.6989
-0.9593
0.1230
-3.1487
-3.2159
-1.0163
0.7736
-1.1114
-3.1723
0.9605
-2.3034
-1.1402
3.3363
-3.3735
-0.5828
-1.4166
-2.7038
-3.2894
-1.1123
-1.0277
-0.9755
2.4698
-2.8234
-2.6329
0.7731
-3.2230
1.2371
-0.8659
2.9015
-3.0574
1.6284
0.7247
-0.9491
1.0460
1.2043
-2.4976
-1.2086
-1.2172
-3.4364
-1.4782
-1.4013
-3.2008
-3.0586
-0.6659
-1.5141
-0.7516
3.2984
0.9677
-3.1976
-0.6497
0.7368
-0.7758
0.9116
-3.1002
0.8341
0.5367
3.0573
-2.6744
1.2777
-3.0348
-0.6062
-1.8159
0.8700
2.8655
1.7338
-0.9246
0.5474
3.1782
-2.8161
-1.2804
-0.6124
-0.9494
1.2700
2.9976
-0.4760
1.1619
2.9631
0.8761
-2.8735
-2.8323
2.5367
-0.7934
3.0164
3.2801
-0.9936
-0.6868
1.2549
3.4022
-3.1195
1.6786
-1.3699
1.4970
1.4226
1.0499
2.7633
1.2989
-1.7758
-0.5353
-0.8123
2.5310
-2.8261
3.4196
-3.7943
-2.8678
0.8086
3.1052
1.1675
