0.000000
0.199461
0.391723
0.569045
0.724255
0.851037
0.944193
0.999851
1.015628
0.990730
0.925995
0.823856
0.688263
0.524518
0.339077
0.139290
-0.066885
-0.271206
-0.465470
-0.641843
-0.793180
-0.913310
-0.997288
-1.041603
-1.044316
-1.005151
-0.925513
-0.808431
-0.658453
-0.481462
-0.284448
-0.075233
0.137839
0.346239
0.541587
0.715997
0.862388
0.974776
1.048516
1.080497
1.069266
1.015101
0.920003
0.787620
0.623114
0.432954
0.224665
0.006527
-0.212749
-0.424371
-0.619822
-0.791196
-0.931524
-1.035050
-1.097477
-1.116133
-1.090096
-1.020229
-0.909161
-0.761179
-0.582071
-0.378897
-0.159709
0.066765
0.291470
0.505387
0.699892
0.867105
1.000209
1.093729
1.143754
1.148104
1.106420
1.020189
0.892692
0.728876
0.535167
0.319214
0.089590
-0.144550
-0.373832
-0.589041
-0.781486
-0.943359
-1.068044
-1.150389
-1.186922
-1.175994
-1.117852
-1.014639
-0.870314
-0.690500
-0.482268
-0.253855
-0.014343
0.226706
0.459630
0.675054
0.864266
1.019571
1.134605
1.204591
1.226541
1.199382
1.124006
1.003243
0.841754
0.645854
0.423261
0.182797
-0.065965
-0.313080
-0.548630
-0.763119
-0.947861
-1.095326
-1.199449
-1.255879
-1.262162
-1.217844
-1.124500
-0.985676
-0.806759
-0.594764
-0.358061
-0.106046
0.151236
0.403484
0.640561
0.852898
1.031876
1.170185
1.262112
1.303784
1.293328
1.230954
1.118955
0.961625
0.765091
0.537080
0.286610
0.023639
-0.241337
-0.497697
-0.735123
-0.944017
-1.115885
-1.243684
-1.322111
-1.347823
-1.319576
-1.238287
-1.107003
-0.930789
-0.716533
-0.472675
-0.208880
0.064354
0.336103
0.595463
0.831980
1.036075
1.199433
1.315336
1.378947
1.387502
1.340438
1.239420
1.088282
0.892885
0.660890
0.401454
0.124874
-0.157826
-0.435331
-0.696489
-0.930759
-1.128636
-1.282038
-1.384633
-1.432102
-1.422318
-1.355446
-1.233937
-1.062446
-0.847651
-0.597994
-0.323348
-0.034630
0.256637
0.538780
0.800445
1.031055
1.221235
1.363194
1.451044
1.481045
1.451762
1.364129
1.221429
1.029163
0.794845
0.527704
0.238324
-0.061778
-0.360607
-0.646172
-0.906965
-1.132427
-1.313372
-1.442364
-1.514020
-1.525235
-1.475317
-1.366023
-1.201498
-0.988120
-0.734250
-0.449910
-0.146382
0.164237
0.469516
0.757188
1.015644
1.234400
1.404522
1.518991
1.572992
1.564117
1.492468
1.360668
1.173761
0.939023
0.665678
0.364535
0.047560
-0.272595
-0.583103
-0.871468
-1.126037
-1.336462
-1.494125
-1.592492
-1.627378
-1.597129
-1.502697
-1.347612
-1.137850
-0.881606
-0.588971
-0.271537
0.058063
0.386658
0.701064
0.988612
1.237662
1.438068
1.581597
1.662264
1.676580
1.623706
1.505491
1.326416
1.093417
0.815626
0.504004
0.170914
-0.170369
-0.506188
-0.823053
-1.108178
-1.349998
-1.538639
-1.666323
-1.727682
-1.719990
-1.643277
-1.500342
-1.296655
-1.040139
-0.740873
-0.410688
-0.062705
0.289192
0.630902
0.948678
1.229679
1.462485
1.637565
1.747665
1.788106
1.756988
1.655272
1.486753
1.257923
0.977717
0.657170
0.308976
-0.053010
-0.414323
-0.760469
-1.077502
-1.352589
-1.574527
-1.734202
-1.824958
-1.842878
-1.786952
-1.659125
-1.464237
-1.209834
-0.905882
-0.564375
-0.198858
0.176102
0.545505
0.894512
1.209040
1.476336
1.685489
1.827876
1.897518
1.891329
1.809252
1.654276
1.432324
1.152029
0.824400
0.462387
0.080375
-0.306396
-0.682431
-1.032602
-1.342762
-1.600309
-1.794700
-1.917886
-1.964639
-1.932777
-1.823262
-1.640176
-1.390565
-1.084176
-0.733069
-0.351149
0.046390
0.443665
0.824740
1.174264
1.478092
1.723853
1.901456
2.003503
2.025599
1.966536
1.828357
1.616286
1.338533
1.005976
0.631733
0.230647
-0.181300
-0.587630
-0.972022
-1.318969
-1.614404
-1.846272
-2.005016
-2.083975
-2.079661
-1.991914
-1.823918
-1.582088
-1.275829
-0.917166
-0.520274
-0.100920
0.324166
0.737957
1.123810
1.466136
1.751029
1.966831
2.104610
2.158524
2.126076
2.008219
1.809338
1.537085
1.202084
0.817523
0.398625
-0.037944
-0.474744
-0.894256
-1.279584
-1.615135
-1.887249
-2.084757
-2.199438
-2.226358
-2.164087
-2.014762
-1.784024
-1.480802
-1.116966
-0.706866
-0.266767
0.185800
0.632732
1.056079
1.438767
1.765282
2.022302
2.199238
2.288672
2.286665
2.192931
2.010861
1.747403
1.412797
1.020180
0.585065
0.124736
-0.342445
-0.797766
-1.222918
-1.600725
-1.915843
-2.155381
-2.309427
-2.371460
-2.338621
-2.211847
-1.995846
-1.698922
-1.332661
-0.911476
-0.452039
0.027375
0.507616
0.969425
1.394204
1.764767
2.066032
2.285637
2.414447
2.446928
2.381393
2.220075
1.969061
1.638058
1.240023
0.790651
0.307761
-0.189412
-0.680985
-1.147218
-1.569307
-1.930146
-2.215014
-2.412181
-2.513386
-2.514184
-2.414140
-2.216862
-1.929871
-1.564320
-1.134555
-0.657557
-0.152267
0.361159
0.862160
1.330592
1.747535
2.096057
2.361905
2.534083
2.605310
2.572321
2.436023
2.201468
1.877668
1.477253
1.015977
0.512097
-0.014347
-0.542330
-1.050680
-1.518928
-1.928132
-2.261641
-2.505773
-2.650378
-2.689255
-2.620421
-2.446204
-2.173169
-1.811870
-1.376445
