1.000000
0.981953
0.924446
0.829629
0.701154
0.544039
0.364472
0.169564
-0.032928
-0.234912
-0.428285
-0.605256
-0.758661
-0.882251
-0.970950
-1.021059
-1.030415
-0.998478
-0.926363
-0.816801
-0.674037
-0.503664
-0.312404
-0.107846
0.101860
0.308323
0.503247
0.678769
0.827770
0.944167
1.023161
1.061432
1.057282
1.010707
0.923405
0.798715
0.641486
0.457896
0.255202
0.041458
-0.174808
-0.384930
-0.580457
-0.753486
-0.896988
-1.005087
-1.073306
-1.098747
-1.080220
-1.018290
-0.915267
-0.775118
-0.603316
-0.406625
-0.192834
0.029551
0.251643
0.464534
0.659646
0.829084
0.965947
1.064615
1.120977
1.132602
1.098845
1.020877
0.901648
0.745774
0.559361
0.349763
0.125294
-0.105103
-0.332208
-0.546901
-0.740519
-0.905213
-1.034259
-1.122338
-1.165754
-1.162585
-1.112772
-1.018124
-0.882259
-0.710460
-0.509474
-0.287246
-0.052604
0.185091
0.416316
0.631771
0.822750
0.981496
1.101511
1.177825
1.207203
1.188277
1.121613
1.009692
0.856823
0.668972
0.453534
0.219039
-0.025184
-0.269377
-0.503746
-0.718851
-0.905986
-1.057533
-1.167270
-1.230628
-1.244880
-1.209256
-1.124984
-0.995251
-0.825077
-0.621124
-0.391439
-0.145131
0.107987
0.357791
0.594247
0.807817
0.989843
1.132896
1.231083
1.280285
1.278331
1.225095
1.122506
0.974480
0.786773
0.566755
0.323120
0.065545
-0.195692
-0.450130
-0.687534
-0.898314
-1.073909
-1.207134
-1.292475
-1.326318
-1.307096
-1.235369
-1.113803
-0.947073
-0.741686
-0.505724
-0.248530
0.019665
0.288149
0.546153
0.783287
0.989955
1.157746
1.279772
1.350956
1.368239
1.330710
1.239655
1.098510
0.912737
0.689608
0.437922
0.167660
-0.110413
-0.385173
-0.645588
-0.881153
-1.082321
-1.240884
-1.350312
-1.406017
-1.405550
-1.348703
-1.237531
-1.076274
-0.871200
-0.630358
-0.363264
-0.080528
0.206575
0.486544
0.748123
0.980744
1.174961
1.322830
1.418233
1.457134
1.437744
1.360607
1.228586
1.046755
0.822209
0.563781
0.281702
-0.012810
-0.307990
-0.592002
-0.853409
-1.081636
-1.267393
-1.403061
-1.482996
-1.503769
-1.464308
-1.365954
-1.212416
-1.009630
-0.765533
-0.489751
-0.193216
0.112260
0.414459
0.701248
0.961062
1.183370
1.359105
1.481031
1.544042
1.545374
1.484725
1.364280
1.188629
0.964595
0.700972
0.408173
0.097827
-0.217690
-0.525742
-0.813944
-1.070655
-1.285453
-1.449553
-1.556170
-1.600796
-1.581392
-1.498480
-1.355130
-1.156849
-0.911370
-0.628350
-0.318990
0.004408
0.328928
0.641557
0.929709
1.181727
1.387357
1.538165
1.627883
1.652665
1.611258
1.505055
1.338058
1.116720
0.849700
0.547526
0.222177
-0.113390
-0.445757
-0.761579
-1.048122
-1.293775
-1.488520
-1.624343
-1.695557
-1.699048
-1.634403
-1.503941
-1.312632
-1.067903
-0.779358
-0.458394
-0.117754
0.228977
0.567917
0.885438
1.168718
1.406259
1.588347
1.707458
1.758559
1.739329
1.650257
1.494633
1.278435
1.010089
0.700150
0.360883
0.005779
-0.350984
-0.695101
-1.012719
-1.290993
-1.518601
-1.686211
-1.786860
-1.816240
-1.772889
-1.658251
-1.476640
-1.235071
-0.942992
-0.611916
-0.254966
0.113644
0.479176
0.826956
1.142964
1.414395
1.630184
1.781453
1.861873
1.867936
1.799099
1.657823
1.449483
1.182167
0.866360
0.514535
0.140658
-0.240362
-0.613271
-0.963080
-1.275663
-1.538334
-1.740357
-1.873384
-1.931803
-1.912971
-1.817333
-1.648416
-1.412703
-1.119378
-0.779976
-0.407926
-0.018020
0.374175
0.752937
1.103019
1.410264
1.662177
1.848431
1.961290
1.995935
1.950661
1.826963
1.629487
1.365859
1.046387
0.683660
0.292055
-0.112838
-0.514830
-0.897787
-1.246271
-1.546166
-1.785248
-1.953683
-2.044430
-2.053539
-1.980316
-1.827367
-1.600507
-1.308539
-0.962912
-0.577274
-0.166933
0.251753
0.662021
1.047384
1.392283
1.682721
1.906832
2.055358
2.122039
2.103872
2.001244
1.817933
1.560967
1.240359
0.868711
0.460726
0.032623
-0.398509
-0.815387
-1.201234
-1.540448
-1.819236
-2.026173
-2.152671
-2.193331
-2.146179
-2.012754
-1.798059
-1.510381
-1.160966
-0.763581
-0.333971
0.110759
0.552833
0.974508
1.358788
1.690109
1.954970
2.142480
2.244807
2.257504
2.179702
2.014159
1.767162
1.448291
1.070048
0.647365
0.197019
-0.263039
-0.714393
-1.138906
-1.519441
-1.840558
-2.089140
-2.254923
-2.330926
-2.313739
-2.203678
-2.004784
-1.724678
-1.374270
-0.967331
-0.519958
-0.049932
0.423984
0.882797
1.308043
1.682530
1.991035
2.220917
2.362639
2.410165
2.361207
2.217344
1.983965
1.670070
1.287926
0.852589
0.381306
-0.107165
-0.593299
-1.057587
-1.481320
-1.847338
-2.140728
-2.349431
-2.464734
-2.481639
-2.399072
-2.219945
-1.951055
-1.602828
-1.188912
-0.725645
-0.231412
0.274088
0.770624
1.238245
1.658076
2.013087
2.288778
2.473772
2.560284
2.544450
2.426492
2.210733
1.905433
1.522480
1.076921
0.586376
0.070342
-0.450587
-0.955534
-1.424182
-1.837587
-2.178946
-2.434277
-2.592993
-2.648341
-2.597684
-2.442629
-2.188976
-1.846503
-1.428591
-0.951698
-0.434718
0.101776
0.636342
1.147531
1.614745
2.019066
2.344026
