-33
-40
-45
-45
-47
-54
-62
-61
-68
-67
-70
-74
-79
-73
-76
-79
-79
-86
-90
-90
-96
-87
-90
-96
-95
-96
-99
-99
-96
-95
-106
-102
-99
-102
-105
-98
-98
-98
-104
-99
-103
-95
-94
-94
-95
-85
-84
-83
-80
-81
-83
-77
-78
-67
-65
-65
-61
-60
-57
-52
-46
-40
-49
-41
-32
-33
-30
-23
-18
-16
-17
-10
-10
-2
1
7
6
18
24
25
31
29
32
38
37
48
55
52
56
59
61
64
72
76
70
76
82
80
82
88
94
91
89
95
92
97
99
99
97
105
108
109
111
105
106
105
101
112
114
105
107
105
104
104
107
107
95
98
103
94
92
95
95
88
81
83
76
77
76
71
67
69
67
63
61
53
48
45
37
44
40
31
29
26
21
16
18
15
1
0
1
-7
-13
-13
-15
-22
-33
-31
-39
-37
-41
-46
-52
-46
-50
-55
-57
-63
-69
-71
-77
-70
-73
-80
-80
-83
-88
-88
-87
-85
-99
-96
-93
-98
-102
-97
-96
-100
-108
-102
-107
-101
-102
-103
-106
-96
-96
-97
-94
-96
-99
-95
-95
-86
-84
-89
-85
-81
-81
-79
-72
-67
-76
-70
-62
-64
-64
-55
-48
-51
-52
-43
-45
-35
-33
-30
-29
-18
-11
-9
-4
-5
-3
2
2
14
19
19
24
26
30
33
40
46
40
47
56
54
57
65
69
67
67
77
72
78
82
83
82
92
96
96
101
96
96
98
95
108
106
103
105
103
105
103
111
111
103
105
109
105
102
108
108
103
98
100
95
96
96
92
88
92
93
87
88
79
77
76
68
74
71
62
61
56
53
49
50
47
35
32
35
27
21
23
20
13
3
4
-4
-4
-9
-13
-20
-15
-19
-25
-25
-34
-39
-42
-49
-43
-47
-57
-55
-61
-65
-68
-67
-67
-80
-79
-77
-84
-88
-85
-86
-89
-98
-95
-99
-96
-98
-101
-102
-97
-97
-99
-99
-101
-103
-101
-105
-96
-95
-101
-98
-99
-96
-96
-89
-86
-96
-90
-84
-87
-89
-79
-77
-76
-81
-70
-74
-65
-63
-61
-61
-48
-47
-44
-36
-38
-37
-32
-31
-19
-15
-17
-11
-8
-4
0
6
13
5
15
23
21
24
34
40
37
37
44
44
51
55
58
59
67
72
74
79
76
78
82
82
92
93
89
93
95
97
97
105
106
98
102
108
104
105
110
111
107
104
107
103
107
106
103
100
105
107
103
105
98
98
98
88
96
95
85
87
81
78
77
77
77
64
64
66
60
54
55
55
46
37
38
31
31
27
21
15
19
17
10
9
1
-6
-9
-17
-9
-15
-23
-26
-29
-35
-38
-37
-40
-51
-53
-51
-60
-65
-62
-63
-70
-80
-77
-84
-80
-84
-87
-91
-85
-88
-90
-93
-95
-99
-99
-102
-94
-97
-102
-100
-100
-103
-100
-97
-96
-106
-102
-96
-100
-101
-94
-93
-94
-98
-92
-94
-87
-87
-87
-85
-76
-72
-73
-67
-68
-67
-62
-63
-51
-47
-50
-45
-42
-39
-35
-27
-23
-29
-20
-13
-12
-12
-1
5
3
2
13
12
19
23
25
27
39
42
46
51
48
51
54
56
67
72
68
72
73
78
81
86
89
83
87
95
92
93
100
103
102
97
103
99
104
104
105
102
109
112
109
113
105
108
105
99
110
108
102
102
99
98
96
99
98
87
88
93
84
82
82
82
75
66
70
60
63
59
54
48
51
50
45
44
35
30
26
19
23
20
12
9
3
-2
-4
-3
-5
-20
-21
-19
-29
-35
-32
-34
-41
-51
-49
-56
-55
-58
-62
-69
-63
-66
-71
-71
-78
-84
-83
-89
-81
-83
-91
-92
-92
-96
-98
-93
-93
-103
-103
-99
-103
-106
-99
-98
-101
-108
-102
-104
-100
-99
-99
-100
-93
-90
-90
-85
-87
-89
-86
-86
-76
-74
-77
-71
-69
-68
-64
-58
-53
-61
-53
-45
-46
-46
-37
-31
-29
-32
-23
-23
-16
-13
-10
-8
3
8
11
18
16
19
24
23
35
40
37
43
45
50
52
60
64
57
65
73
70
72
78
84
83
81
90
85
91
92
93
93
101
105
103
109
102
102
108
99
110
111
107
108
106
105
106
110
110
101
101
106
100
98
102
101
95
89
93
86
87
83
79
77
79
79
75
76
64
62
60
51
57
54
44
43
38
34
31
29
28
16
14
16
5
1
2
-1
-9
-17
-15
-24
-25
-29
-32
-39
-36
-38
-45
-45
-53
-57
-61
-65
-60
-64
-73
-72
-74
-78
-80
-80
-80
-91
-91
-88
-93
-99
-94
-92
-96
-104
-99
-106
-100
-102
-102
-106
-98
-97
-100
-95
-99
-102
-99
-101
-90
-89
-93
-91
-90
-90
-87
-80
-78
-85
-80
-72
-74
-74
-66
-62
-61
-64
-56
-58
-48
-45
-43
-41
-32
-27
-23
-19
-19
-19
-11
-13
1
4
6
11
11
15
20
28
33
26
34
44
42
44
54
59
57
55
65
60
69
72
74
72
85
88
87
92
89
92
92
92
101
101
99
103
101
103
104
110
109
102
105
111
107
105
110
110
105
101
105
99
102
101
98
93
99
99
95
97
88
84
83
77
83
82
73
71
68
65
62
63
61
46
47
49
41
36
35
35
26
19
19
10
12
7
1
-4
-1
-3
-9
-11
-20
-26
-29
-35
-30
-34
-43
-45
-48
-53
-57
-55
-58
-71
-69
-69
-74
-79
-77
-77
-84
-91
-87
-93
-90
-95
-96
-99
-94
-94
-99
-95
-100
-103
-101
-105
-94
-96
-102
-98
-99
-101
-98
-95
-90
-101
-95
-90
-92
-94
-88
-83
-84
-89
-81
-83
-75
-72
-71
-73
-60
-57
-55
-51
-51
-50
-45
-45
-33
-29
-29
-25
-22
-19
-14
-8
-2
-7
0
9
8
10
19
26
25
24
33
31
39
41
44
46
57
61
63
69
66
68
73
69
81
87
82
87
89
89
93
96
99
94
96
108
100
101
105
108
104
103
107
101
106
107
105
101
109
110
108
109
103
101
99
97
102
101
95
94
91
87
87
88
87
73
76
79
71
66
67
65
57
51
53
44
45
41
36
31
33
31
26
22
14
8
6
-3
4
0
-9
-11
-16
-21
-23
-24
-27
-42
-41
-39
-47
-53
-52
-53
-58
-68
-67
-74
-70
-74
-79
-82
-77
-79
-84
-83
-89
-93
-93
-98
-89
-93
-98
-96
-99
-100
-100
-97
-95
-106
-103
-99
-102
-105
-99
-94
-98
-104
-96
-100
-92
-93
-92
-91
-82
-80
-81
-77
-77
-77
-73
-73
-63
-59
-62
-57
-53
-53
-48
-41
-35
-41
-35
-26
-26
-26
-16
-10
-9
-13
-3
-5
4
9
12
13
25
29
32
37
36
38
44
42
55
57
57
61
64
66
71
76
79
73
79
87
85
85
92
97
93
93
99
94
99
101
102
101
107
109
108
111
105
106
105
101
112
111
105
106
103
103
102
103
104
94
95
99
92
89
92
89
84
77
81
72
73
70
66
61
65
63
58
56
48
44
40
32
38
34
25
24
20
15
11
9
7
-6
-6
-5
-14
-20
-19
-21
-29
-38
-35
-45
-43
-48
-51
-59
-53
-56
-61
-62
-67
-73
-74
-83
-73
-77
-84
-84
-86
-89
-91
-88
-89
-100
-99
-95
-99
-102
-100
-97
-101
-106
-103
-107
-101
-102
-103
-104
-95
-93
-95
-93
-93
-94
-93
-94
-83
-82
-85
-81
-78
-77
-72
-68
-64
-70
-65
-57
-58
-58
-50
-45
-44
-46
-36
-39
-30
-27
-23
-21
-11
-6
-5
2
2
4
9
10
22
26
26
31
33
37
40
47
52
47
53
60
59
61
70
73
74
73
81
76
82
85
87
86
95
99
97
104
98
99
100
99
108
109
105
106
108
106
108
111
111
102
105
110
104
101
105
106
102
95
99
92
93
92
89
83
90
88
83
84
74
72
71
61
69
66
59
57
49
48
44
44
42
29
28
29
21
15
17
13
6
-4
0
-11
-9
-14
-19
-26
-23
-25
-31
-31
-38
-46
-47
-55
-48
-51
-59
-60
-65
-70
-70
-71
-70
-85
-85
-80
-87
-91
-87
-89
-93
-101
-97
-102
-97
-99
-101
-105
-96
-98
-100
-96
-101
-105
-100
-105
-94
-93
-98
-94
-94
-95
-93
-89
-83
-92
-87
-80
-83
-83
-74
-71
-72
-75
-66
-69
-61
-58
-56
-54
-42
-39
-38
-32
-31
-31
-25
-26
-12
-9
-10
-5
-1
2
6
14
19
13
21
28
29
32
38
46
45
44
52
49
57
62
64
63
71
77
80
85
82
82
84
84
95
98
94
97
97
100
101
105
108
101
102
110
104
108
108
111
107
103
108
101
105
105
103
98
105
105
103
108
95
93
92
86
93
92
83
82
77
76
72
73
73
60
60
61
54
49
50
48
39
30
34
23
24
20
16
8
13
10
4
2
-4
-12
-14
-21
-18
-20
-31
-32
-36
-40
-44
-44
-45
-59
-58
-57
-65
-69
-68
-68
-75
-82
-80
-87
-83
-87
-91
-94
-87
-90
-94
-93
-97
-100
-99
-105
-94
-97
-102
-100
-100
-101
-100
-97
-93
-104
-100
-95
-99
-100
-93
-89
-92
-95
-89
-92
-84
-81
-82
-81
-70
-66
-67