-0.410041
0.738028
-0.482632
0.785044
0.761852
-0.019587
-0.277306
-1.755191
0.197115
-0.617085
0.027801
-1.013643
-0.124455
1.292996
-0.472410
-0.384602
1.013111
1.176778
0.218102
0.191035
-2.222377
-0.141556
2.359950
0.754559
1.998724
1.464484
-0.195325
-1.826076
0.484590
0.264199
1.178524
-0.242731
-0.026622
0.865932
-0.831023
1.269704
0.965500
-0.528358
1.706386
0.945264
0.253464
0.650493
0.384765
-0.082544
0.768853
0.648056
-0.217166
1.197029
1.391953
-0.663263
-1.226832
-0.790487
-0.733876
-2.007887
-0.131809
0.322001
-0.590080
1.610674
-0.554564
-0.231413
0.728907
0.790597
0.901571
0.295777
0.943210
-0.495183
2.011616
1.043941
-1.417489
0.111303
0.269502
0.599315
2.926656
-0.421040
-0.891548
-0.402260
-0.726826
-0.240158
-0.335766
-1.960862
1.954490
0.538830
0.376447
-1.162918
0.154427
1.001717
0.231252
-1.611516
1.300510
0.015506
-0.945207
-0.129380
-0.264732
-0.543943
0.451606
-0.076450
-0.146245
1.059539
0.432075
0.213384
-1.805401
-0.604996
-1.166504
-0.736885
1.982132
-0.144409
-1.637209
0.895398
1.962011
-1.653867
2.076988
-0.502328
0.524713
0.741406
0.461988
0.731024
1.579431
-0.425154
-0.593571
2.364536
0.323310
-0.355300
-0.691140
1.594470
0.500217
-1.038202
-0.379460
-0.086941
0.803969
-0.167202
-0.858093
1.255814
0.745141
0.434027
0.973255
1.388223
-0.061112
-0.141377
0.438222
1.220884
-0.480133
0.535938
0.369431
-0.531139
-1.199119
1.113031
-0.583692
0.710731
-1.439302
1.045165
-0.713927
0.603275
-1.867663
1.639927
-1.329846
-1.973581
-1.674292
0.461040
0.087740
-1.649679
1.453592
-0.936606
-0.043298
-0.815984
0.276128
-1.141083
1.153009
1.165900
0.534842
1.534279
-0.401593
0.191117
1.746430
-1.453744
-0.127326
0.403850
0.206062
0.063844
0.745118
1.432220
1.035206
0.366354
0.154352
0.748432
-0.838602
0.895283
-0.308009
0.890096
-0.000416
0.133766
-0.277915
0.448389
0.323092
0.446127
-0.421286
1.042958
0.876502
-2.087440
0.084130
-0.460850
0.490285
0.616456
1.123771
-0.684060
-0.302429
-0.727936
-0.640927
0.018816
-0.791256
0.324639
-0.041451
0.135834
-0.780982
0.410420
0.655844
1.776790
0.723238
0.193580
1.100314
1.405276
-0.945873
-1.129816
-0.657782
0.225178
0.657756
-0.344000
-0.193527
0.770857
1.339152
0.842646
-0.774693
0.978521
0.284153
-0.292237
2.229708
-0.588157
0.234958
0.090679
0.569168
-1.499895
0.426264
-0.035248
1.276262
0.335837
0.279319
0.203392
-0.478939
1.222795
1.437993
0.683005
-0.527664
1.623018
-3.329213
0.769346
0.093305
-1.066919
-0.903896
-0.211237
-0.849180
1.503761
1.765233
-1.595051
-0.374088
-0.963356
0.381109
-0.832001
-0.014648
-0.982174
-0.006255
-1.449346
-0.935721
0.390077
-0.606057
-0.047150
0.530121
1.211322
-1.899776
0.753006
-2.112738
-0.077112
0.859114
0.236608
-0.538791
-0.476508
-0.228277
-0.767507
-0.914123
-1.023337
0.683395
-0.185231
-0.329884
0.506482
1.015832
-0.184075
0.761552
-1.144176
-0.371426
-1.913606
0.284164
0.369025
1.004155
0.481011
-3.148835
0.051491
0.643806
0.410069
0.427461
-0.915100
-0.668730
0.700601
0.080807
1.355662
1.864097
-1.259884
-0.107154
-1.545820
0.735637
0.703327
-1.074921
0.880601
-0.379739
0.155631
2.578549
-0.182730
-0.134799
0.023136
1.691070
0.228103
-2.817013
-0.548699
-0.156632
-0.879054
-1.371756
-0.741421
-1.262961
1.042251
0.979099
0.916993
1.114734
0.629908
-0.242835
-1.587270
0.839193
0.937424
0.875358
-0.682730
-0.198326
-0.629996
1.142761
-0.302819
-1.334941
0.269993
0.408953
2.249129
0.771086
0.770814
1.351119
-0.568029
0.957616
-1.346712
-0.162932
0.698688
-1.457814
-0.813246
-0.544450
-0.258350
0.693764
-2.760010
-0.518784
1.186379
-0.921271
-0.712967
-1.135022
-0.113672
1.821180
-0.842343
0.090437
-0.988677
-1.181339
-0.049399
-2.038908
0.146445
0.105485
0.579560
-1.738094
0.031408
0.147089
0.890412
1.121021
0.671778
1.399826
0.079493
1.008058
-1.367952
-0.281663
-1.064175
0.796548
0.003983
-0.014982
0.122433
-0.958912
-0.822599
-1.310371
0.221916
0.124502
-0.362361
-1.277262
-0.747398
1.048232
-1.483318
-0.355942
-0.564822
-1.232488
-0.158036
0.695256
-0.690476
0.433262
-0.030835
0.276840
-1.286599
-0.311978
-0.300584
-0.422546
0.302185
-0.041987
-0.665947
1.401915
-0.501895
1.514288
-0.479763
1.120095
0.809718
0.659964
0.040576
1.039300
-0.718442
-0.674169
-2.032876
-0.340233
-0.467189
0.606579
-0.949168
0.758341
1.889862
-0.460200
-0.564407
-0.412568
0.719564
0.970573
1.057621
-0.245289
0.810234
1.496025
-0.378505
0.242947
-0.920867
-0.159791
1.036464
-1.126971
-0.484265
0.689567
0.317538
-0.586708
0.819349
-0.737284
2.213052
0.829335
1.032720
1.049410
-1.273035
0.260959
-1.834417
-1.551400
-0.297406
0.389083
-2.003354
0.113045
-1.106191
0.925917
1.314661
1.902757
-0.325678
0.094185
-2.020766
0.434846
-1.445029
-1.929708
-1.094793
-0.000899
0.617331
-0.285072
1.038147
1.668818
-1.892777
-1.744094
-0.196868
-0.545212
1.380243
-0.464180
2.089706
1.004233
0.710245
-0.178182
-1.154571
-0.929883
-1.608354
0.426326
0.703757
0.923745
-0.228036
0.837319
-0.076336
-0.670167
-0.487062
0.116549
-0.523121
-0.445140
-0.734059
-1.224259
1.118824
0.775567
0.402493
-0.338833
-2.109104
-1.346074
-1.759600
0.236992
-0.162209
0.170099
0.633441
0.397384
0.719974
1.262544
-0.021136
1.075549
0.178138
-0.803889
1.602457
1.286122
0.725253
0.135429
-2.511942
0.409278
0.876325
-0.177471
1.369069
0.302441
0.702112
0.761473
-0.403607
1.457039
-0.876683
0.568931
0.927227
0.638967
0.825391
-0.123879
-0.999014
1.474688
-1.896379
-0.290860
-1.606064
-0.994469
0.835143
-0.930812
-0.562332
0.665772
0.665661
-0.185848
0.347307
-0.260011
-1.959258
-0.022446
1.484140
-0.412908
-0.840714
-0.355819
0.266323
-1.306125
-0.218851
0.505586
0.127914
0.684741
1.130630
-0.820028
0.705422
0.176410
-0.859799
1.137244
-0.967956
0.588044
0.241873
2.015811
-0.638981
0.225900
-1.429286
1.439643
-0.795032
-0.791997
-0.556884
1.634237
1.152009
0.896612
-0.071749
1.510874
-0.434689
-0.761995
-0.722368
-0.097948
-2.218881
-0.588744
-2.992509
0.446072
-0.175215
0.550375
0.906213
1.446783
-0.037457
-0.187521
0.486265
1.640479
-1.324873
-1.217483
-1.289363
0.570269
-1.593074
-1.339481
0.724574
0.036453
1.005357
1.851748
-0.939045
-0.433852
0.011073
1.912106
-0.749778
-1.132954
-2.166059
0.245810
-0.916549
-1.939027
2.284426
0.075966
-0.410789
0.124803
0.925400
-0.553334
1.668276
-2.449673
-0.491527
1.179478
-0.738287
-0.687686
-0.449823
-0.465294
1.462401
-1.382537
1.889147
-0.265616
0.903099
0.978979
-0.226587
0.343831
-1.100857
1.458810
-0.918011
0.028049
-0.220507
-2.100295
-0.503892
-0.554446
0.682236
-0.162761
-0.005708
1.576654
-1.351970
0.632969
1.137760
0.265133
1.622206
0.549717
-0.213429
-0.174894
0.137729
-0.997857
0.396904
0.488685
0.938630
-0.216548
-0.266426
0.760462
0.407180
-0.397150
0.821806
-2.256407
-1.100394
-1.977546
0.985552
-0.238072
-0.048277
-0.887106
-0.106236
-0.345976
0.338075
1.033712
0.937703
-0.112079
-0.912751
-2.035773
0.021077
-0.351219
1.134912
0.043836
-0.127033
-0.215884
0.737369
0.203849
0.746751
1.225182
1.226804
-0.024527
-1.259709
-0.696392
0.156368
-0.951197
0.276538
0.638986
1.486166
-0.171631
0.587834
0.773419
0.460254
-1.546915
-0.541138
0.161834
-0.740834
0.384302
0.883514
-0.246207
-0.503767
-2.140321
1.919065
0.312769
-0.629989
-0.269585
0.675831
0.433890
-0.041307
0.108805
-0.314840
0.645386
0.907788
0.650002
0.973694
-0.099321
2.321235
1.317994
-0.252539
0.350676
-0.534495
-1.088371
1.837350
-0.404357
1.775380
-0.925746
-0.562532
-1.101882
1.445056
0.255680
-0.879389
0.208823
-0.415352
-1.007852
0.191293
0.019593
-0.868696
0.657497
0.074194
0.320300
-1.361804
0.733863
0.126809
-0.867401
1.074124
-0.585565
0.898647
0.004199
2.525736
-1.188376
0.344453
0.017175
-2.134133
-2.178483
-0.151082
0.107022
-2.137669
-2.229957
1.448913
-0.753064
0.447756
1.741393
-0.492102
-0.508924
0.677018
0.192147
-0.691023
1.743177
-0.814867
1.440172
0.744146
-0.571345
-0.505099
-1.417360
0.794010
0.049384
-0.269792
0.236481
-0.151462
0.139161
-1.881945
0.496003
0.178924
1.028730
0.059072
-0.311020
-0.748079
0.204641
0.274988
1.699847
1.615558
-0.585490
-1.273780
1.069775
0.419895
0.980701
0.682327
1.417015
-0.163434
-0.638104
-0.105746
0.449279
1.531023
0.514451
-0.132263
0.242948
-1.020071
1.848680
-0.273347
1.530355
0.058906
0.255588
-1.443333
0.212724
-0.994779
-0.172317
0.618573
1.239561
-0.305310
-0.909924
-0.970681
-1.365209
-0.712587
-0.444512
-1.141845
1.230926
1.377269
0.035788
-1.546393
-0.018698
0.045302
0.845277
-1.418685
-1.571405
0.629649
-0.063108
0.965067
-0.696639
-1.384958
0.366102
-0.256498
0.945825
-0.643326
-0.146917
-0.099654
0.529666
1.658622
-0.621871
-1.329366
-0.077302
-0.299205
0.722161
-0.539791
0.352778
0.864496
0.904815
-0.631351
-0.514426
-2.778788
-0.810401
-0.158857
1.536423
-0.770405
0.061657
-0.426492
-0.678360
-2.471389
-0.286040
-0.631681
1.534032
0.116854
-0.094585
0.353878
1.737108
-0.778617
-0.099027
1.834505
0.094084
1.366920
1.095455
0.830340
0.393313
0.410108
-0.616423
-0.185748
-0.730159
-0.230795
1.494594
0.964651
0.948973
-0.155121
0.218352
0.391750
-1.036460
-0.389061
0.724487
0.509467
1.009311
0.210521
-0.684398
0.439044
-0.899811
-1.477102
-0.470835
-1.120042
0.806710
-0.784776
-0.715616
-0.473165
-1.015044
0.783643
-0.829223
0.362144
-0.925312
-1.880341
-0.018020
-1.260486
-0.051529
0.476077
-0.571639
-1.406955
-0.102533
2.133296
0.436696
0.868183
-0.571822
0.353623
-0.070377
-1.096258
-0.039302
0.189820
-0.834423
-0.786470
-1.225385
-0.160203
1.254206
-0.821961
-0.369479
0.635548
0.743598
-0.177311
-1.092289
0.868402
0.179521
0.068765
0.286612
-0.655741
0.694032
0.894220
-0.117482
-0.674749
-0.154687
-0.513353
-1.415229
0.286611
1.265771
1.511499
0.380629
0.713971
-0.546033
1.226704
1.083430
0.528086
0.542949
0.571392
-1.077128
-0.212481
0.796415
-1.499959
-0.857686
-0.208900
0.248986
0.140886
1.864732
-0.156770
-0.175021
1.609676
0.276958
-0.743185
0.848150
-0.648920
0.582872
-0.562831
-1.990346
0.092994
0.104182
-0.710850
0.491889
-0.232721
-0.388558
0.236820
-0.463731
0.289606
-0.447172
-1.239498
-2.585663
0.233186
0.075485
1.356303
1.024780
-0.164630
0.501437
1.166350
0.407635
2.164289
-0.065106
0.849326
-0.664582
-0.119224
1.058267
0.031183
0.991336
-1.482790
1.023187
-0.541836
-0.692733
-2.159926
-0.841809
1.005093
1.128292
-1.428377
-0.070765
0.937730
-0.444956
1.454342
1.784951
-0.516361
0.161963
0.686521
1.105883
-0.409693
-0.599848
-0.069512
0.705800
-1.456497
0.923532
0.759009
0.669669
0.199342
-1.062689
0.191240
-1.472827
-0.344658
1.509348
0.666278
-0.391148
1.151740
0.548045
-0.994738
0.185548
-1.523986
-1.034557
1.321066
-0.340121
0.930103
0.153394
1.363454
1.527575
0.054151
-0.645777
-1.407616
0.658775
0.501869
0.308519
0.044011
0.394185
-0.431365
1.667866
-1.349494
0.275445
0.403553
-0.478825
-0.358001
-0.429145
0.427064
1.986822
-1.886972
-0.750278
-1.294353
-1.339569
0.368149
-0.079414
1.064062
-1.281144
0.055097
1.285340
0.568723
-1.225000
-1.299186
-1.967114
-1.013931
-2.665686
-1.053702
0.618528
1.032392
0.389522
-0.059195
0.281973
-1.597496
1.490329
0.142841
0.971475
0.621140
0.073914
-0.867950
-0.516188
-0.378797
-1.081110
-0.093127
0.532303
-0.687082
0.362048
-0.650804
1.730135
-0.465613
1.375738
0.040203
0.429711
0.673241
1.131122
0.980010
-1.014919
-1.221732
-0.291952
-0.657724
-1.106195
0.254533
-0.748686
-0.122584
1.739040
-0.631159
0.749097
-1.556378
-0.343730
-0.299258
-1.307981
-1.221082
0.702240
0.621652
-0.337487
-0.022303
0.906787
0.748017
-0.120580
-0.608282
-1.319270
0.009047
2.002369
-0.842082
0.567930
-1.078928
-1.745686
1.593880
0.496324
-1.037947
0.919203
-0.857801
-1.496353
-0.911800
1.495320
0.054587
0.382776
1.118543
-0.423467
-0.535576
-0.315061
1.470975
1.697470
0.933139
-2.485975
-1.846132
1.057426
-0.554663
1.051065
-1.095540
-1.584008
0.838056
0.447616
-0.407920
0.476427
-1.904037
1.007724
-0.495035
1.176763
-0.890142
0.821477
0.153744
-1.338700
-1.602275
0.527346
-0.362220
0.828381
-0.987231
0.405652
0.549347
-0.871201
0.905866
0.184189
-0.108495
-0.631588
0.359079
-0.042736
0.425375
-0.123531
-1.751460
-1.028737
0.679265
0.157912
-1.155675
-0.337312
0.379806
-1.024446
0.464871
-0.271825
-0.182031
-0.593289
0.065138
1.341382
0.705247
-0.954431
-0.909220
-1.713339
-0.004078
0.004723
-0.484583
0.634180
0.521732
-0.290905
-0.282211
-0.041060
-0.499459
-1.340289
-0.993315
-0.095120
-3.570108
-0.127458
0.482303
-0.071708
-1.005868
-1.698965
1.301146
1.022877
-1.570611
-0.315459
0.939697
0.873065
1.364276
-1.150816
-1.282571
0.059672
0.176787
0.192515
-0.116089
1.187151
-0.813946
0.567419
0.523951
-2.927619
2.585608
-1.246721
-0.018593
0.228757
-0.549703
0.157761
0.420107
0.494806
-0.361981
-0.605993
1.038997
0.715447
2.015703
-0.752164
-0.182122
-1.307275
-1.229452
-0.590458
-0.160191
0.039145
0.813288
0.529210
0.158432
-0.383606
-0.725454
0.213159
0.337458
1.004736
-0.078382
-0.473891
-1.808883
-1.893241
1.276022
-0.346045
-0.614448
-1.415039
1.786469
-0.568688
0.762442
-0.144021
0.684831
-1.258428
1.093060
-1.788987
-0.464292
0.587180
-1.458695
1.614192
-0.577806
-0.236504
-0.198545
0.470890
1.472168
-0.865165
-0.636090
-0.079268
-0.139835
0.566798
-1.101835
-0.704747
1.104746
-0.181816
-0.395456
-1.629743
-3.268137
1.137329
1.731515
-0.235224
1.152194
0.963394
-1.316947
0.213633
-0.229587
1.442616
0.511934
0.686999
-0.050001
0.183650
1.138384
-0.648032
1.040019
-0.344227
0.858515
-0.125418
0.683314
0.839345
-0.400012
1.003343
0.660370
0.143629
0.164409
1.715561
-0.828152
-0.014190
0.953602
-2.129330
0.867801
0.470595
-0.637940
-0.664144
0.516417
1.978666
-0.224638
1.949099
1.254823
-1.001055
-1.943706
0.003455
-1.147432
-0.249897
-1.168206
2.637800
-1.541398
-0.733225
-1.453170
0.994199
-1.739720
0.653812
0.147819
-0.964850
-0.047219
1.076014
-0.927488
0.325935
-0.115145
-0.633100
-1.817638
-1.436882
-0.863007
-0.585279
-1.736221
-0.627758
-0.155082
-0.192035
-0.802014
-0.224372
-0.984140
0.487073
0.667575
0.983437
1.145311
0.353245
-0.372982
-0.504934
-0.061840
-0.805307
0.800627
0.716603
-1.012810
-0.560497
-0.396212
0.656654
1.157040
0.748962
-0.734123
-2.008418
-0.034843
0.191786
-1.158475
1.360683
1.382656
-0.109325
1.024529
-0.525293
-0.364742
-0.022056
-0.888530
0.926476
0.602546
-1.401812
0.423825
-0.844874
0.171914
0.845626
1.805269
-0.224979
-0.744758
0.649955
-0.568618
0.326209
0.872588
-1.657748
0.940673
0.772936
-0.169592
-0.090363
1.364146
-1.308174
-0.556296
-0.244110
-0.683164
-1.557170
0.247793
0.849478
0.226677
0.824237
-0.616205
-0.845098
1.034588
0.810418
-0.766407
0.305397
-0.646292
-0.312411
-0.946728
0.121496
0.104374
0.448355
-0.514083
0.195949
0.771024
0.074192
0.176146
-1.170486
-1.178450
1.099910
-0.303731
0.690180
-0.481708
-0.588458
2.487092
0.777975
-0.380300
0.454150
-1.296980
-0.299323
0.265325
-0.441547
1.208541
0.885748
0.076009
-0.965181
0.280592
0.494127
-0.437151
-0.154464
0.088842
0.567096
-0.712927
-1.109974
0.576602
2.136770
0.057926
0.348035
0.378249
1.503226
1.958540
1.073322
2.887409
-0.748917
-0.358957
2.137176
1.837058
-0.704185
-0.785832
-0.048606
0.561232
0.525464
0.405511
-0.778075
0.067096
-0.623779
1.264302
-0.315524
-0.520655
-1.090323
-0.391773
0.303028
-0.811097
-0.743712
2.053723
0.083161
-1.526281
0.379321
0.826846
-1.002222
1.359801
0.880283
0.806684
-1.719194
0.161932
-0.707819
-0.087232
0.075850
-0.210141
0.022744
-1.105982
-0.034891
-0.192565
0.129130
-0.144441
0.769033
-0.698484
0.476721
-0.754856
-0.985002
-1.350935
-0.628020
-1.850192
-0.382642
0.812153
0.240631
0.344364
-1.649329
2.624241
-1.029984
-1.003282
-1.676792
-0.596316
-1.009720
-0.445825
-0.332562
-1.309680
0.558357
1.116462
-0.125564
-1.203620
1.318920
-0.579933
-0.289143
0.300680
-0.712496
1.841651
0.672218
-0.675007
-0.040015
-0.026165
-0.296196
0.724796
-1.085293
-0.089135
-0.370541
-0.018670
-0.709770
0.724232
-0.848682
0.701959
-0.824761
-1.385090
0.317940
-0.136057
1.056177
-1.364091
1.332370
0.402178
0.867580
-1.496165
-0.012583
-1.290333
-0.889011
-0.854407
-1.695473
-0.343338
-0.326828
0.810054
0.560270
1.084611
-0.464911
-0.738217
-0.127222
0.655743
-0.516299
-0.444168
-0.322732
2.707899
-0.773880
0.458455
-0.113631
0.263347
1.508167
0.617763
0.052663
-0.303084
0.725722
1.944469
-0.743552
-1.983982
1.816267
0.170193
-0.760756
-0.055461
0.400941
-0.610243
0.851637
3.061332
-1.737061
1.174822
0.970390
-0.267062
1.950911
-0.325441
2.161634
-0.277444
-0.553358
-0.748645
-2.308878
-1.278992
-0.329094
1.213230
-0.512512
1.004986
0.674712
0.649581
0.284457
-0.134649
-0.146792
1.688824
-0.908023
0.032508
-1.205298
-1.296891
0.008410
-2.776367
0.078064
-0.700960
0.605480
1.282192
1.468499
0.979923
0.140701
-1.315696
-2.228517
-0.942638
-1.232363
-1.049593
0.247083
1.377915
0.885582
1.264366
-0.697956
1.268364
0.859427
-0.383380
0.571095
-0.850651
-0.101312
0.770703
0.178573
2.069566
-0.120644
0.711295
0.422679
-0.745117
1.672256
0.281869
-1.028787
-0.344575
-0.093781
-1.128466
-0.316473
0.906358
1.373298
-0.760127
-0.447471
-0.249812
-0.999519
0.345565
1.683973
0.682236
-0.875020
-1.543644
-0.175682
2.309631
0.470695
-0.527990
-0.198800
-0.485836
0.976637
-0.863915
-1.630761
-1.429468
-1.382557
-1.300507
-2.215708
-0.895416
-1.439542
0.231544
0.740585
0.964444
-0.638444
-0.449150
-1.339650
0.188506
-0.519188
-1.323483
0.991808
0.572606
0.480954
-0.696815
2.161926
-0.703085
-1.249848
-2.491059
-2.165063
-1.090337
0.671006
2.217850
-0.875800
1.065986
-0.731633
-0.069957
-2.216791
-1.016321
0.041319
0.154098
-1.471880
1.041640
-0.443983
1.134801
-0.256379
0.604149
-0.867066
1.416063
-0.996976
-0.641123
-0.159933
0.887596
-0.955296
0.263590
0.279793
1.222191
-1.164864
-1.245942
0.628735
-0.759707
-0.173168
-1.355169
-0.004358
-1.051618
1.169533
-0.248562
-0.913873
-1.479722
0.325411
-0.905999
-0.268754
0.451345
-0.405245
0.709214
0.533034
-1.038396
-1.235490
-0.085988
-1.584590
1.599185
-0.326463
1.174184
0.714932
0.506534
0.758507
-1.023517
-0.809550
-0.330913
-0.805874
-0.609764
-0.768415
2.952743
1.710964
-1.268259
0.560750
0.951062
1.858527
-0.341536
0.062619
1.176248
0.004336
-1.296566
-0.534471
-0.466914
-0.910839
-0.897316
-0.741898
0.641370
1.432410
-0.086325
0.463328
-0.513760
1.334237
0.955170
1.600886
0.773577
-0.775455
-0.487309
0.166303
0.243226
0.108205
1.620774
-0.759080
-1.213127
0.444710
-0.222170
-0.661915
0.354052
-1.551715
0.762138
0.607467
-0.397661
-2.836677
0.049167
0.353283
0.565163
0.391230
-0.033136
0.617639
-0.168310
0.108818
0.656260
0.867151
2.319031
1.876100
-0.840189
-0.910102
0.633093
0.616458
0.133503
0.349458
-0.064063
-0.254162
0.823411
-1.042889
0.610988
0.317947
0.362682
0.346693
0.911676
-0.355168
0.414155
-1.829537
-1.567694
-1.117529
-0.186593
-1.646663
-1.759185
2.100959
0.468658
-1.800947
0.433635
2.163270
2.821053
1.082182
-0.056771
1.330237
0.137589
1.408560
1.626858
2.348042
0.040358
-0.761631
-0.703765
0.761694
1.666728
-1.462797
0.233915
-0.312346
0.101525
0.317522
-1.241734
0.253068
0.389305
0.261753
0.122513
-0.167398
0.237088
-0.086500
-0.360018
-0.753467
-2.846710
1.085380
0.905196
-1.399764
1.304623
1.510711
1.375968
0.636677
2.257985
-0.025337
-1.165351
-2.860723
0.186929
-0.199382
-0.811886
-0.138856
1.321898
0.190680
1.087378
0.369257
-1.780299
-1.300061
0.501139
-0.312634
0.870936
2.750616
-0.570502
-0.750653
-1.168562
0.929299
0.422475
-1.987178
-0.835351
-1.167923
0.579339
1.402632
-2.604731
0.250868
1.519199
-0.182255
0.893721
-0.194092
0.485827
-1.405768
0.212822
0.623231
-0.948856
0.793028
0.398435
0.821289
-2.157002
0.148758
1.073923
0.757451
1.130161
-0.449389
0.127690
-0.166597
0.480540
1.487625
-2.218053
-0.584218
0.766045
0.091039
-0.920947
-0.260574
0.368689
-0.963682
-0.824377
1.852882
-0.599526
-0.290620
-0.343880
1.257071
-0.369388
1.993089
-0.472059
1.461021
-0.654867
0.723525
-0.293011
-1.182812
-0.682357
1.093541
0.105152
-1.506445
-0.985491
0.920449
-0.239420
1.300813
-0.376944
-1.065078
0.342060
0.849473
-0.124017
-1.185853
0.315195
-1.246479
-0.001861
1.165457
0.126150
0.202835
-1.509609
0.447880
1.050620
-0.268652
-0.532056
1.127497
1.175252
0.147003
1.439365
0.051945
0.567746
-0.769865
-0.761221
-1.378174
-2.008058
-0.349821
-1.007512
-0.634740
0.093994
0.496192
-0.999619
0.965761
-1.244160
0.548698
1.363213
1.089093
0.246915
1.103911
-1.660196
-0.812447
-0.631743
1.138527
0.015295
-0.286726
0.130229
-1.388961
-0.570019
-1.345099
-0.877819
1.934507
-0.440979
0.299971
0.581257
0.430075
-0.038243
-0.655683
-0.019506
-1.239698
0.118686
-1.310063
-1.426441
0.838499
-1.818960
-0.229707
0.998174
-2.435426
0.597136
-0.326065
-1.540676
-1.186796
0.435847
0.996764
1.036545
1.098459
-0.238589
1.420070
-0.861738
0.629470
-0.125599
-2.417062
-0.547352
-1.027633
-0.374599
-0.841234
-0.088146
-0.788086
1.034481
-0.652748
-0.861072
1.385264
-0.590001
0.665101
1.118919
-0.040514
-1.877475
-0.050901
0.765852
-0.858648
0.375228
-0.218320
0.774959
-0.189845
-0.841860
0.280193
-0.173518
-0.049443
0.552537
-0.235912
-2.082093
0.705619
-0.737371
0.271312
1.820674
1.348746
-0.258754
-0.369159
0.363003
-0.690622
0.450056
0.540929
0.859361
-0.834995
1.705530
-0.865653
0.672733
-0.748949
0.089129
1.277240
-1.445303
1.796651
-0.392857
-0.457508
0.004186
0.108541
1.280658
1.027896
-0.313699
-1.642465
0.051446
0.239908
0.983927
-0.433504
-0.808521
1.366212
1.118042
0.358556
-0.938834
1.572190
-0.309143
1.267221
-0.776459
-0.092700
0.963852
3.192207
-0.267089
-0.421067
-2.050352
0.039519
0.415175
0.898874
1.684180
-0.452828
-0.345972
1.233211
0.343770
0.758198
1.769795
0.101715
0.106912
2.582501
1.725417
2.507303
1.530263
1.244013
0.424465
0.135281
0.114181
-0.102665
-1.688826
0.862453
0.056382
-0.127758
-1.047587
0.863765
1.695527
0.510990
1.240462
1.194094
-0.468097
-1.003686
0.275494
1.552098
0.195369
-0.108966
-0.913761
0.876806
0.309741
1.313263
-0.826750
0.093394
0.389670
-0.437087
-0.371193
0.700694
0.199661
0.254562
-0.128637
-0.285211
1.596401
0.939283
0.688075
-0.525547
1.104706
-0.332740
0.967415
-1.784406
-0.380881
0.832004
-0.165708
0.484300
-2.035258
-0.108755
-0.905826
-0.216444
-0.474870
-0.546367
1.267409
2.343309
-0.492680
-0.472023
-0.757978
-0.447281
-0.871584
0.400067
0.233056
-0.662597
-0.802261
-0.161927
-1.082353
-0.237505
-0.154194
-2.194060
-0.083249
-0.442672
0.087518
-0.301365
-1.763290
-1.037471
-1.616205
0.515584
-1.142857
2.009976
-1.023362
-0.170615
1.072732
0.133674
0.400900
0.991155
0.545438
-0.598031
-0.798862
-0.893795
-0.370875
-2.657871
-1.116733
0.578385
-0.555920
-0.437959
-1.180399
-0.683774
1.176838
-0.823515
0.200322
-1.332654
0.426885
1.106706
-0.327895
0.489785
0.299044
-0.266485
-0.184988
0.333223
-0.881094
-0.436194
-2.351507
-0.883736
-0.392508
-0.414240
-0.379235
0.752800
0.605342
-1.585126
0.763859
-1.508734
-0.918231
-2.662890
0.266559
-0.664354
0.622001
1.388759
1.964351
0.400299
-0.038894
0.425729
-0.086199
0.956155
1.288699
-0.514685
0.835799
0.238329
0.597027
-0.304511
-1.415921
-0.460889
1.496766
0.026981
1.083144
0.564244
0.266785
0.201404
-1.009138
-1.404459
-0.744639
-1.043695
0.900968
-2.815762
-0.010782
-0.571378
-0.106912
-0.078926
-1.860277
-0.110954
-0.254706
0.127364
0.893203
-0.691398
-1.135007
-1.014408
0.778916
-1.510979
-0.810776
-0.028399
-1.711201
1.661264
-1.931091
-0.839405
1.252462
0.231218
0.200986
1.081718
2.166905
-0.106316
-0.905277
2.030781
1.599499
0.121814
0.459281
1.530843
1.484770
-0.625435
0.651721
1.563687
0.569614
-0.363011
2.656394
0.502704
1.105053
-0.433781
1.008720
-0.237258
-0.539696
0.537683
0.377112
0.671664
0.396871
-2.250983
-1.218630
0.364556
-1.780238
0.386220
0.402769
0.376394
-0.819777
-0.018640
-1.405512
-0.885854
-0.188792
0.714111
-0.556322
-1.929611
-0.110999
1.726928
-0.126446
-0.222427
-0.131482
0.830468
-1.367586
0.976670
-0.362444
1.243849
2.220462
-0.197970
-0.399627
0.519049
-0.237542
0.763587
0.171831
1.222120
0.697031
-1.125132
-1.101755
0.937776
-1.315416
1.635160
0.840486
0.183091
-0.291151
0.110393
-1.712145
2.229352
-0.300997
-1.309215
-1.050636
-0.992593
1.224163
0.514159
-2.247558
-0.613024
0.177844
0.580582
-0.786153
-0.656436
0.668151
0.879785
0.870791
-0.361859
-0.959542
-0.596330
0.072253
1.352704
1.619801
-0.706513
-0.384925
-2.011271
0.130575
0.012675
0.255417
0.593198
1.709398
-1.570836
0.172086
-0.449460
0.654410
-0.938326
1.834927
-1.925804
0.916879
-0.301806
-1.371688
1.581179
-1.542096
-1.697491
-0.851946
-0.124977
-0.720663
0.229105
-1.556498
1.590960
0.843611
-0.025238
0.052582
0.257393
-1.845495
-2.030704
2.715612
2.098113
0.914923
-0.470081
1.259260
2.720190
0.505029
-2.268903
1.400837
0.587119
-0.244291
-0.386946
-0.865144
2.699323
-0.399377
-0.289354
0.310232
-0.943969
0.445441
-0.251020
-0.049176
-0.006365
-1.126126
1.562281
0.009051
-0.919756
-0.847489
-0.184191
0.707438
1.537199
-0.791070
0.376796
-0.557502
0.338139
2.145091
0.278361
2.223008
0.605850
-2.300082
-0.843393
1.014756
-0.636880
0.245338
0.360890
-1.415166
-1.976869
0.539387
-2.360493
-0.963195
-1.142067
-0.682443
-0.011578
0.262464
-0.824356
-0.639273
-0.493328
-0.641189
-1.596425
0.225995
-0.343925
-0.024196
-0.593351
-0.149900
0.089779
1.273406
-0.211121
-0.225811
1.207474
0.210573
-1.267403
-0.495225
3.090217
1.148252
2.065568
0.127223
1.169730
-0.646733
0.203919
0.847368
1.791278
1.448172
-2.069580
1.773192
0.793195
1.979917
-1.115706
-0.069762
-1.229043
-0.026409
-0.033087
-1.144064
0.611860
-0.853851
-1.990244
-1.412538
-1.088420
-1.591516
0.361014
0.920621
0.771329
1.897698
0.902823
-1.198758
-1.438383
-1.394700
1.063532
0.486665
-0.661106
1.084233
-0.403812
0.374258
1.024847
0.829841
-0.742316
-0.434095
0.211932
1.034164
0.725127
-0.671946
0.736357
0.278143
0.456455
-0.858873
-1.132460
-0.786341
0.180567
-0.082026
0.223009
-1.403075
0.483461
-0.941529
-0.485355
-0.858215
0.022763
0.740060
-0.736065
0.250352
-0.092699
0.351496
-0.485237
0.196255
1.347363
0.104133
0.992490
-0.877947
-0.321757
-0.860475
0.024593
-0.395456
-0.144812
0.390976
-1.476557
-0.127420
-0.670754
-0.901399
-0.047006
-1.227850
-0.229884
0.147114
2.127440
1.498419
1.968136
-0.409100
-1.749167
1.797367
-0.191944
1.284308
1.258988
0.689588
-0.516917
-0.857754
1.257280
-0.786691
0.855170
0.483425
-0.388331
-0.914291
-0.313522
-1.174444
0.951458
-1.811180
-1.478932
-1.888097
-0.555042
0.679819
-1.115066
0.049492
0.419565
-0.400530
-0.330738
-1.892439
-0.445466
1.046499
-0.146152
-0.930579
-0.270376
0.895018
-0.459815
-1.096229
1.220946
-0.626312
0.700946
0.078417
0.536591
-0.909769
0.983008
1.037050
-0.946507
-0.639761
-0.949470
0.293646
-0.491364
-0.334486
0.302193
0.231796
-0.947866
-0.649021
0.720096
1.010943
-0.709388
0.336362
0.162656
-1.598906
-1.246887
-1.224764
0.227278
-1.021505
0.688894
0.765211
0.157355
-1.619732
-1.635388
-1.675080
0.418917
1.114319
0.437052
1.985521
0.187236
-0.432557
-1.063462
0.445271
-0.454606
0.020104
2.332378
0.230617
1.728135
1.493888
1.523666
-0.290455
-0.930658
-0.848218
-0.573871
-1.188034
1.257962
-0.581231
0.362186
0.868061
0.785794
0.634334
0.669507
-0.680596
0.523860
1.594613
-1.157181
-0.793614
0.937857
-0.760717
-0.743133
1.722933
-0.956221
-0.722552
0.326601
-0.729327
-0.536390
0.280553
0.757376
-0.006491
1.298391
1.600672
-0.130078
-1.451286
-1.601730
1.512553
-0.103608
0.759752
0.381508
-0.772639
-0.043962
-0.005422
0.285013
0.287503
0.987489
-0.076236
0.499679
-1.738809
-1.271232
1.860621
0.382114
0.371638
0.909384
-0.833976
0.875653
-0.619208
-0.692280
-0.927714
0.287981
-0.886890
0.092975
0.749764
-0.526035
-0.215234
1.468932
-0.136551
1.729888
-0.579547
-1.100643
0.426397
0.430214
1.561321
-0.243450
-0.674681
-0.452021
-0.961893
1.173187
-1.688877
-1.051959
-0.752116
0.887154
0.186464
-0.095770
-0.700208
0.311681
0.335860
-1.846316
-0.727926
1.526585
-1.243842
-0.257440
-0.772793
1.813132
1.393488
-0.752957
0.166501
0.467265
0.155804
-0.249500
0.774507
0.786565
-0.227026
-1.488569
0.776284
2.048214
0.093128
-1.229333
0.951669
0.267269
0.071821
0.314095
0.228504
0.485042
0.977925
0.507033
-2.310535
-0.791406
0.475380
0.794343
1.200730
-0.094776
-0.180019
-0.408254
0.543192
1.062683
-0.491195
-0.490670
0.469390
-0.149401
2.039746
-0.739050
1.246426
-0.091089
-0.426326
2.001468
1.577421
-1.364313
-0.118629
0.192823
0.542872
-1.216380
0.586257
0.830008
-0.484102
0.610254
-2.142163
-0.290160
0.121760
-0.015824
-0.251454
0.619082
-0.477703
0.636053
-1.720013
0.932960
-0.448418
0.023279
0.651674
1.646409
0.321303
0.517477
1.326023
-1.219227
0.212753
1.126004
-1.655092
1.002719
1.391012
-0.600775
1.895896
0.353865
1.399168
0.905679
-0.367431
-0.758130
-3.004947
-0.214205
0.766684
-0.157695
-0.950869
1.203937
0.752327
0.233849
0.048992
0.422266
1.085294
0.628100
1.974872
-0.185369
-0.740157
-0.212396
2.344606
0.492303
0.180072
-0.917156
-0.099892
-1.158537
-0.525957
0.406300
0.453947
0.866247
-0.089721
0.009440
-0.598691
-1.147380
-0.579442
0.917373
-0.228093
2.540077
-1.334426
0.615407
0.112399
0.474222
0.553363
1.415335
-0.898544
0.981007
-2.417063
0.452892
0.043747
-0.237945
-0.036925
0.910609
1.726490
-0.918952
0.688172
-0.916891
0.084723
2.986667
0.251614
-0.018014
0.291011
0.394189
2.352435
-0.068313
0.960082
-0.891094
0.518374
-0.625587
0.714209
0.844619
1.201524
0.498244
1.091751
0.923638
-0.231767
1.223169
1.760039
-0.376659
-0.685578
0.156064
-1.597934
0.001829
-1.218085
0.369508
1.657300
0.075277
-0.367352
-0.330609
-0.681119
-0.893332
-0.585760
1.747511
-2.003870
0.411901
-0.110426
1.795003
1.339153
0.953133
-0.172911
0.698372
0.575063
-0.763412
-0.013606
-0.174532
0.650188
-3.159017
1.110670
-0.941492
-0.642891
-0.844178
-0.035256
0.175748
0.277015
-0.867819
-0.813625
0.266156
0.602020
-0.851659
0.045959
-1.354001
-0.283611
0.637685
-0.010474
-0.504418
0.737930
0.077528
-1.117564
-0.397466
0.040638
0.167124
-1.487686
0.484563
-0.260513
0.738318
1.357006
-0.098763
1.256603
0.183421
-0.252355
-0.032557
-0.947847
0.007506
2.362519
2.524423
0.467059
-0.062641
-0.640900
0.215801
1.597413
-0.441080
-0.242269
-0.128441
1.207864
-1.996914
-0.066068
0.931731
0.306385
-0.441961
-0.519980
2.300268
-0.037467
0.682411
0.686827
1.467092
1.199350
-0.051322
0.180583
-0.074308
-0.780664
1.005060
-0.040840
-0.741581
-0.571538
-0.381545
-0.417486
1.522414
1.151062
-0.555215
-1.772278
-0.919717
0.254705
-0.402838
-1.283488
0.125848
-0.117238
-0.044997
0.619871
0.974427
0.563072
0.370246
1.751633
-0.126058
-0.220732
-0.096449
-1.641622
-0.108065
1.898429
-3.013103
0.612671
-1.597152
1.498304
0.473596
0.604362
-2.063171
-0.471722
1.603315
-0.317646
-1.701517
0.290100
0.016115
0.715793
-0.404054
0.314160
1.502695
0.005941
0.137104
1.282170
1.198737
0.031024
-0.875849
0.083257
-0.553201
-0.181979
-1.129883
-0.199210
-0.300055
0.870171
0.788935
-1.011212
0.284444
0.560625
-1.426529
-1.065795
0.583622
0.381019
0.405653
-0.490375
1.547692
-0.789132
1.457605
-0.558758
1.600519
-1.356073
-0.137635
-1.200800
0.165895
1.520716
0.565179
-0.189401
0.352041
0.804162
1.202989
-1.816903
1.026082
-0.558330
0.454415
-0.359282
0.359702
1.450978
-0.792872
0.306625
1.298902
0.113353
-0.349384
-1.274481
0.772438
-0.816290
-1.954240
0.361136
0.486906
-0.736878
-0.549804
-0.161088
0.457037
0.791452
1.148084
-0.767627
1.886230
1.538911
0.087947
-0.986628
-0.328848
-0.513746
0.583377
0.245949
-1.466382
2.647080
0.380803
-0.191298
0.279091
-1.355235
1.258795
0.372691
0.072290
1.009363
0.559276
0.343024
0.177959
2.901113
-0.606580
-0.610765
1.157656
-1.659240
-1.695920
-0.179732
0.000312
0.836409
1.338708
0.731819
-2.973923
1.144846
1.723049
0.544144
-0.345227
0.718390
0.781611
0.111721
0.859850
-0.745786
1.010825
-0.291391
1.007627
-0.026044
-0.782772
-0.448916
0.061780
-1.293544
1.427630
-0.229010
1.737974
-0.195889
0.086855
-1.897665
-2.382503
0.131528
2.632903
0.908462
0.119776
0.741441
0.043357
0.695407
1.230493
-0.065911
0.436312
-1.009534
0.249188
-0.170327
2.437152
0.255772
0.020512
-0.262826
0.204787
-1.812883
1.346032
0.243569
-1.207600
0.528315
-0.730283
0.582788
0.419213
1.154655
-0.664703
0.923954
-0.449128
-0.897903
0.436912
0.909815
0.549018
-0.011444
-0.262749
-0.259797
1.223222
-0.012310
1.050435
0.242669
0.695706
0.006669
-0.665310
-2.852127
0.645865
-0.049289
-0.776372
-0.166445
1.595988
-0.083176
-0.236234
0.471773
-1.662154
2.031670
-0.880560
1.165144
-0.675808
-0.201747
-0.426614
1.933201
0.603358
-2.227120
0.516645
-0.679821
1.182657
1.504486
-1.290803
-0.084663
-1.281717
-1.217252
0.318371
0.437390
0.189579
-0.242887
-0.326682
0.609656
0.215702
-0.827791
0.348764
0.033912
-3.023815
-0.184014
-1.732603
-0.265561
-1.098722
-0.180202
-1.004650
0.231062
0.998829
-2.016749
-0.991691
0.254387
0.369051
-1.353271
2.112958
1.313512
-0.816088
-0.775125
1.603744
-0.900192
0.365514
0.822326
0.275147
0.310049
-0.630828
-0.796881
0.156384
-0.070251
-1.106598
-0.806965
0.499217
-0.680182
-1.383913
1.806649
-1.080911
-0.742032
-1.310630
1.444170
1.589773
-0.030364
-1.465665
-0.222477
1.607318
-0.026503
1.270837
-0.313221
0.748371
0.171246
-0.767167
1.696166
-0.022744
-1.343663
0.064041
0.096478
-2.520668
-0.022659
0.465554
-2.284305
1.092872
-1.283558
0.397339
-0.463365
0.360619
0.807561
0.023011
0.106858
-1.463593
0.837286
-0.273018
-1.817595
-0.478748
-0.331162
0.344712
0.324497
-1.437138
1.172073
1.390344
-0.735604
0.770854
0.753587
-0.437366
0.422888
0.810179
0.446979
-0.864854
1.518936
0.063595
-2.931659
0.179028
0.785159
-0.109157
-0.884192
1.003636
0.400066
1.155213
0.329931
-0.197778
-1.669794
1.182985
-1.558563
-0.249877
-0.359268
0.366211
2.132164
0.253177
0.722488
-0.610571
0.812327
-0.378504
1.667781
1.055453
-0.463715
0.537377
1.659590
1.191756
0.231149
0.803305
-1.141116
-0.128691
0.150991
0.491171
0.808607
0.655360
0.848206
0.100815
0.823977
-0.437224
-1.973956
0.319708
2.299507
-0.263117
0.964748
-0.009024
0.398774
0.167022
-1.517085
0.306970
0.529210
0.665897
0.996979
-0.717403
0.218757
-0.053309
-1.074967
-0.988364
-1.349647
1.906460
0.307858
1.490610
-0.112635
0.440035
0.642670
0.811010
-0.990627
0.255854
-1.302784
-0.746749
0.848647
1.391010
0.132696
0.492654
0.702538
-0.569222
0.278545
0.256834
-0.051437
-0.532269
0.443066
0.825174
0.798547
0.385180
0.973407
0.402287
0.271178
-1.680134
1.247014
-0.971450
0.396786
1.727614
-1.264999
0.199504
0.611338
0.114391
1.373169
-0.573278
1.395141
0.056719
-1.623547
0.484129
0.452372
-1.535814
0.624044
0.226766
-0.671562
-2.153375
-0.078196
0.424678
1.176329
0.126307
0.088604
0.999453
-0.294972
-0.417372
-1.513939
1.770586
1.907591
-1.638625
2.859161
0.568482
1.114284
-0.363760
1.610689
-0.589452
0.750248
-1.731990
0.538182
0.021915
0.179881
0.453846
-0.640331
-2.555374
-0.158872
-2.158304
-0.322597
-0.716952
-0.042467
1.020747
1.380414
-1.790217
-0.058799
-0.142189
1.469464
-0.154342
-0.111830
0.121710
-0.413098
0.951324
1.909589
-0.990888
0.983766
0.550800
0.590682
1.559575
0.895097
0.957248
0.455253
0.000834
0.085998
1.170129
0.702253
-1.630299
2.254807
0.803685
1.666043
0.406711
-0.484276
0.064048
0.883924
-1.153605
2.580187
-0.157904
-0.686885
0.119222
-0.772802
0.373669
1.382541
-0.700245
0.282212
1.103013
-0.223698
-2.669330
1.380188
0.960805
0.175192
0.821449
-1.153883
-0.098122
0.314527
0.507471
0.364469
0.544050
0.726732
0.340418
1.544622
1.327548
0.298040
-0.519925
1.327668
0.583614
0.136079
0.036097
0.170503
1.840393
-1.633208
0.028841
-2.024593
0.082248
0.516061
0.090599
-1.032164
-0.295164
-2.282226
1.302107
0.541738
0.257470
-0.095817
1.333866
0.664808
0.033207
0.074949
-1.090821
-1.325937
0.584063
-1.062136
-0.386061
-1.975088
1.459434
0.201401
-0.778867
0.676813
-0.008247
-0.657494
-0.709558
-0.926794
-0.727487
0.415631
2.117836
1.110276
1.765614
0.770782
1.374534
1.278580
-0.107692
0.254656
0.276264
1.324067
0.108009
-1.138221
-0.399657
-0.287469
0.995584
-2.183042
1.640707
0.528096
0.149776
0.282666
1.462513
-0.085738
0.669655
-0.334105
1.288163
0.470486
0.169384
0.820956
2.625797
1.396223
-0.073018
0.258216
-0.445936
0.985345
-0.556208
-0.896513
-0.126781
1.674201
-1.079787
0.584692
0.282817
0.575840
-0.165507
0.488662
-0.546591
-0.883282
0.282617
-0.200502
-0.170405
0.203256
0.611842
0.956900
-0.248807
-0.221751
-1.609037
-0.781398
0.049404
0.805354
-0.788663
-0.532889
-0.301048
-1.477752
0.345203
0.161298
0.397093
-0.465318
0.959998
0.717595
-0.440988
0.614613
-0.010515
-0.406360
-1.672676
-0.559322
-0.482883
-1.521500
2.636462
0.339277
1.198099
0.546436
-1.574560
1.579852
-0.429514
0.283554
1.640838
-1.865378
-0.321723
0.778230
-0.667800
3.082792
-0.852200
-0.644649
1.054333
1.067278
-0.669783
0.076560
-0.615382
0.559174
0.330040
0.860095
-0.245679
-0.116856
0.597983
-1.460754
-0.121246
0.766701
-0.763166
-0.477530
1.500902
0.994933
0.239611
0.461296
1.584458
-0.332805
-0.215461
-0.384181
0.092139
0.891882
-2.326083
2.214541
-0.334437
1.592466
-1.077730
0.007626
0.613859
0.349389
-0.020844
0.557447
-0.171292
-1.131326
-0.583788
-0.595304
-1.127745
-0.923181
1.203009
-0.328011
-1.225413
0.979812
0.320020
-0.228893
-1.896751
-0.044195
0.015168
-0.292491
1.768800
1.591573
-0.414767
-0.325123
-0.194314
0.843029
-0.959522
-0.646425
-1.228643
-0.126990
0.715764
-0.067804
0.114168
1.755773
-0.840381
-0.638467
0.823956
-0.124155
0.548505
-0.101928
0.125011
-0.885322
0.814010
-0.774314
1.074134
1.324234
0.051818
1.998179
-2.428968
0.264928
-0.177838
-0.218746
0.076126
-0.711585
0.503379
-2.007898
-0.314058
0.243560
-0.156653
-1.795612
0.130102
1.220751
0.170486
0.301178
-1.415892
0.886032
-1.680314
-0.800175
-0.852822
0.097314
0.550869
0.657300
1.444148
0.711772
-1.476952
-0.487534
2.092680
-0.299019
0.244932
1.898928
-0.518561
-1.335531
-0.448621
-1.404401
1.423235
0.404553
0.490443
3.583479
0.378742
-1.029288
1.631337
0.384460
-0.443381
0.036786
0.147220
0.623848
-1.647387
0.177892
-1.664652
0.200777
1.784589
-0.171430
1.191564
0.671882
0.881365
0.292800
0.381598
-1.709634
-0.846899
0.123066
-1.940602
1.195479
-0.668430
-2.570442
-0.196312
-1.348924
-0.278049
-1.126151
-0.311616
0.792357
-0.924864
-0.959951
0.576711
0.429556
0.278004
-1.050437
0.293535
-0.835408
-0.720391
0.724152
-1.378206
0.412755
-0.224835
0.648056
-1.532268
-0.473830
-0.376324
0.365426
2.425233
-0.343973
0.479622
-0.094655
0.644421
0.594751
-1.322232
0.808311
-0.228788
-0.653601
3.450033
0.570989
-1.240236
-1.047509
-0.620744
-1.411140
1.205800
-0.428235
-1.711426
0.301624
-0.853213
0.232474
-0.393025
0.557651
-0.085366
0.624238
1.774824
-1.211125
0.005985
0.003410
0.220157
0.229096
-0.901985
-2.235000
-1.451041
0.449761
-1.032618
-1.692426
1.043713
0.126187
-0.222071
-0.396835
1.224452
0.626486
2.103896
0.931103
1.183476
-1.933828
0.304941
0.307155
-0.374158
1.476719
-0.452581
0.910833
-0.849915
0.302106
-0.399356
0.472619
-0.157791
-1.100268
1.860994
-0.054520
1.609463
-0.415659
-0.038259
0.321206
-1.296062
1.302717
-0.385958
0.999346
0.947104
0.334599
1.700518
-0.276478
0.120126
0.499838
-1.499990
0.574983
1.361302
-0.390396
0.063789
2.122369
0.852999
0.832617
0.495575
0.116039
2.356375
0.328790
0.887976
0.047505
2.191622
-0.919808
-0.403836
-1.963963
0.244168
0.829872
1.878791
-0.176590
0.422090
0.182360
-1.468883
2.002997
0.194975
-0.184147
1.207870
0.374006
0.141618
1.038429
2.875357
-0.067871
-0.734081
-0.489039
0.091405
0.179234
-0.125258
0.461408
0.299295
1.378960
-0.370720
0.118941
-1.073229
-0.761998
0.325934
-0.982272
-0.535264
-0.509309
-1.451783
0.260836
0.881670
-1.184752
0.243354
0.270528
-1.884994
0.227618
-0.695960
1.010329
0.924106
-0.350094
0.748786
-0.551350
1.406473
-3.635260
-0.032493
-0.433726
1.046800
-1.474571
-1.161665
-1.075426
-0.659204
0.530517
0.698707
1.136196
0.905771
-0.660896
-2.477190
-0.583821
0.131263
1.815133
0.415909
-0.108391
0.916271
-0.238183
-0.666971
1.326911
0.813063
-0.526186
-3.188947
0.696226
-0.396400
-0.138121
-0.112371
-0.169134
0.432473
-0.327944
-0.224701
0.379249
0.537953
-2.036632
0.159243
0.394635
0.002856
-1.433278
-0.926024
-0.341604
-1.960380
-0.530338
-1.204491
-0.095699
-0.251217
-0.521346
0.836487
-0.256796
-0.325163
-3.193803
0.863524
-0.412460
-0.561746
-0.990933
-0.425945
-1.885995
1.623781
2.021802
1.323514
0.044198
-0.209883
-0.177871
-0.505711
-0.310884
0.387562
0.063933
-2.207831
1.288777
0.122177
2.320675
-1.145750
-0.515512
-1.016646
0.081082
1.791052
0.461971
-0.821912
-1.023524
0.302898
-0.126037
-1.647619
-0.469949
0.132905
0.698360
0.285871
-1.098957
-0.584516
-0.796993
0.044709
-0.489148
-1.323725
0.529183
1.181861
0.628923
0.630521
-0.434340
0.389890
-0.861457
1.517968
0.776481
-0.840257
-1.212910
-1.017322
-0.707730
0.038839
-0.272648
-1.034787
0.278779
1.743519
0.026792
0.266355
0.050699
0.601609
-0.548104
-0.471156
0.200479
0.208766
-1.464565
0.237714
1.870645
0.773179
0.135942
0.916848
1.421616
-1.122716
-1.765987
0.899724
-0.398835
-0.882372
0.608968
0.232230
-1.569235
-0.405416
0.119064
-0.038777
-0.048389
0.208571
-0.495827
0.554404
-0.671258
-0.436621
0.272727
-0.053095
-0.586703
0.384650
-1.295061
0.686775
-0.093536
-1.110867
0.233635
0.554838
0.243880
-0.120380
-0.125096
-0.573356
0.474206
1.356769
-0.071405
1.762737
-0.608043
-0.000172
-0.813873
-1.592628
-1.174386
1.054087
-0.551405
0.076057
-1.549165
0.065557
1.668912
1.243894
-0.407091
0.896058
0.088366
1.195936
0.168432
0.485611
-0.617674
-0.532723
-0.007797
-0.595730
0.840335
0.079320
1.266720
1.875895
-1.061964
1.445875
0.505897
-1.348839
-0.100848
1.100529
0.472776
1.380602
-0.140201
0.065204
1.783303
-0.282743
-0.656113
1.218981
0.839465
1.697770
-1.734956
0.546932
0.287191
0.856340
-0.376342
-0.382553
-0.241601
-0.963569
-0.374676
0.457358
0.520800
0.963890
-1.092546
2.113634
-1.071433
-0.130706
-0.253891
-0.187490
0.175367
0.554488
1.377649
-0.623201
-1.875537
0.851490
0.169930
0.496914
-0.828904
1.303861
0.488556
0.854398
1.744792
-0.213936
-1.172727
0.363485
-1.009461
-0.985631
-1.362519
-0.634843
-1.243548
2.318137
-0.844305
0.399795
-1.192863
-0.783640
-1.933632
0.124817
0.035826
0.197527
-1.118991
-0.555191
0.079242
1.323615
-0.474767
-0.922830
0.129482
-0.874169
0.608575
0.120710
0.379686
-1.534605
0.148085
-0.360605
0.252808
1.193157
-1.623977
-1.867438
0.762005
0.517962
0.278027
-0.707938
-1.889584
0.263200
-2.278408
-0.195650
0.789479
1.368756
0.063981
0.632578
-0.687653
1.838953
1.193926
-1.262739
-0.221336
0.415668
-1.006567
-0.285838
0.499639
-0.575686
1.674868
-1.038164
2.294207
1.049875
0.333977
1.298419
1.945045
0.855838
1.770465
-1.792385
0.503224
-0.441802
0.099672
-1.052411
0.133507
1.833029
0.213992
1.581326
0.170371
0.528981
1.480913
-1.189734
-0.973922
0.790967
-0.916906
0.141864
-1.225090
-0.988049
1.596487
0.322123
-1.121402
0.301711
0.018462
0.349502
0.810086
0.585742
-0.840067
-0.888761
-1.405221
0.695733
-0.328950
1.732325
-1.493772
1.054356
0.996037
-0.647754
-1.168959
-1.204291
0.683430
0.951278
-1.614607
0.189205
0.326018
-1.023823
0.138900
-1.393905
1.031679
0.043562
-0.858743
-0.788892
-0.640021
0.678498
-0.503188
-0.092495
-1.294353
-1.385035
-1.486105
-0.530064
-1.367960
1.763584
-0.757811
-1.382136
-0.103509
0.179143
-0.209292
0.325379
-0.480404
-0.533602
-0.171765
-1.140944
1.162578
0.046065
-2.431098
-1.095400
1.232075
0.559070
0.022109
1.209983
1.057308
0.154183
-0.507539
0.352418
-0.008100
-1.678606
0.469983
1.185910
0.084436
-0.531240
-0.041288
-0.921846
0.081942
0.768774
-0.343133
1.276274
1.717117
1.654937
1.103592
-1.414513
-0.825218
-0.194159
1.075101
0.584858
-1.109195
-0.817457
1.517457
0.106627
-0.102460
2.229990
-0.363859
1.221603
-0.128959
0.234039
-0.216154
-1.352393
1.092988
-2.429860
-0.908604
-0.548429
-0.030750
0.456770
-1.062024
0.948718
-0.385037
-1.736504
0.489810
-0.223012
-0.984170
0.295096
-1.515768
0.919085
0.158957
0.090107
0.681167
-1.222632
0.174831
-0.116103
1.438512
-0.764725
2.219620
1.500047
0.125058
0.768314
-1.817894
1.349093
1.225497
0.435009
1.699230
-1.162442
-0.210006
-0.526210
-0.815865
-1.301544
0.883602
-2.270529
-1.646133
0.410646
0.438348
-0.000354
0.075727
-1.125234
-0.107091
0.182392
0.716919
0.373776
1.475716
0.771781
-0.059713
0.990780
1.223367
0.311801
-0.261175
-1.360306
2.713505
1.274400
1.065218
0.087785
2.404727
1.216903
-0.444979
1.595441
-0.803270
1.874771
-0.699746
-0.159931
0.325704
0.780439
0.273434
-0.509385
0.276598
0.461854
-0.926276
-0.153754
-0.653658
0.096674
-1.091522
0.477376
-0.731237
0.391527
-0.700725
0.231557
-0.978463
-0.616417
-0.949081
1.901162
-0.343995
0.325667
1.120614
-1.310793
0.141788
0.828776
0.273766
0.234626
1.679487
0.106403
0.561044
-0.885065
0.255589
-1.820256
-1.345908
-0.321285
-0.447610
-0.965655
0.062052
0.477522
-0.037858
-1.257620
0.361658
1.331854
-0.963020
0.268171
1.018865
-0.184029
-0.869901
0.770299
0.402401
-0.450008
-0.073785
-0.098034
0.806948
0.273612
-0.736051
0.549890
0.060182
0.743522
-0.144735
1.748406
0.382889
1.408310
-0.342549
0.474184
0.356678
-0.677567
-0.218543
-0.923334
0.815501
-0.373223
0.190505
0.811145
0.544780
0.926671
1.262359
-1.464293
-1.626865
0.181459
0.889243
-1.439450
-1.529107
0.891099
0.539149
1.694634
0.316699
-0.950033
0.851247
-1.218787
-1.616075
-1.231281
-0.340255
0.863654
0.411809
-0.913284
-0.945594
0.976304
-1.292011
-0.209092
0.157673
0.654243
0.193602
1.429158
0.794519
-1.343307
-0.181369
-1.488188
1.933420
-0.303189
0.020520
0.608119
-0.374112
0.372716
0.051725
0.775021
-0.979301
0.235563
0.901889
0.138213
0.160051
-0.830970
0.040824
1.490488
-0.633650
0.425689
-0.223456
-0.178982
0.465429
-0.585435
0.358096
-0.460088
-0.724534
-1.199884
-1.964250
0.093192
1.425982
1.369895
2.398670
0.421516
-0.006071
-1.556636
-0.499620
0.911920
-0.469161
-1.592217
1.722916
0.600347
-0.330499
-0.784210
-1.487740
1.306861
0.386588
0.253958
0.436106
-1.351990
0.360145
-2.221147
-0.943030
-2.174562
0.936950
-1.190511
0.724639
-0.435886
-0.298398
0.259609
-0.970847
0.898896
0.870565
0.264185
1.252394
2.041059
0.098403
-0.172250
1.140469
-0.680221
0.819058
0.036507
-0.553000
-0.222153
-0.980458
-0.178270
-0.814147
0.852740
-0.230057
0.568881
0.035484
0.949808
-0.117845
0.999343
0.083094
1.959117
0.199431
-1.443687
1.133482
-1.714902
-0.345697
1.287431
-0.644170
0.452782
0.148428
-0.818724
-1.818378
-0.569488
-0.494227
0.356932
-1.140306
-0.028016
1.287265
0.655281
-1.093169
0.666896
-0.331845
-0.648764
-0.491005
1.590610
2.998567
-0.037688
-0.385718
-0.168680
-1.502133
-0.517741
1.184097
0.390284
1.739475
1.927075
1.216856
-0.383852
-0.748261
0.562449
0.058330
0.011114
0.768663
0.250949
-0.995028
-1.116772
-0.126250
1.032757
-1.518791
-0.955829
-0.144692
0.330740
0.185343
0.303212
-0.487167
-1.018821
0.276043
-0.987552
1.118817
0.021858
-0.657958
0.601643
-0.056749
-0.215980
0.113168
2.051597
0.548566
0.520491
-1.432322
-1.461255
-1.087703
-1.571838
-0.495436
-1.353235
0.742786
2.218446
-0.806010
0.106206
-1.141964
0.314272
1.537719
0.138253
0.900723
0.789515
1.699182
-0.508997
0.339725
1.332032
-0.514597
-0.143680
-1.496737
0.086424
0.678830
1.099385
-1.707730
0.501220
-0.229201
1.368782
1.202383
-1.956615
0.817347
1.424480
-1.074450
0.512991
0.538820
1.035156
-1.234590
-1.246706
1.756024
1.103592
-1.464063
0.077937
0.879413
0.135522
-0.287630
1.041643
-1.331122
-0.534337
0.706241
0.147720
-0.773989
-0.907637
0.745264
-0.217037
-1.114809
0.954136
-0.793278
-0.285928
-1.191344
-0.568440
0.960206
0.245765
0.236379
-0.760626
-0.906140
0.915170
-1.965048
0.684097
2.024204
0.928460
0.065013
0.172662
0.641741
-0.092592
-0.132295
0.202276
-1.514956
-1.801841
-0.627795
-1.404302
-1.215822
0.096990
0.516708
-0.132209
0.446560
0.745264
-0.568498
-0.951167
1.007336
1.208767
0.000852
-1.700763
0.289290
-1.007452
-0.231380
0.451877
0.084521
0.558719
1.179791
-0.081667
-1.447889
1.540733
1.563102
-0.037726
-0.160582
-1.631619
-0.056806
1.735490
-0.067738
-1.268338
0.316945
0.635466
0.842368
1.021207
1.323287
1.246239
0.300721
1.410517
0.101347
1.285445
3.105280
-0.018926
0.861720
0.551157
0.470492
1.477475
-0.156974
0.074045
1.400166
-1.063717
0.854050
1.189471
-0.371276
0.069053
0.308591
1.809404
0.174084
-1.419533
-0.766780
0.027391
-0.146347
2.037493
1.404079
-0.729660
0.123035
0.141968
-2.735657
-0.813148
-0.450458
0.547270
0.750575
-0.508811
0.991720
-0.134887
1.183288
-2.385506
-1.218661
0.026271
-0.935125
0.010936
-0.577751
-0.085649
1.320732
-0.868113
-1.147270
1.275597
0.762646
-0.487611
2.088620
0.087352
0.116514
-0.599414
0.290524
0.356089
-0.929427
0.412681
0.376182
0.249709
-0.453320
0.075088
1.423761
-0.761832
1.284315
-1.436991
-1.714457
-0.401213
1.289955
-0.749527
2.020776
-1.484075
-2.121296
-1.604928
1.720678
-0.577446
-0.159978
0.255264
1.110517
-0.634259
0.136208
0.842569
-1.051719
1.694077
1.840206
0.732002
1.799305
-0.372927
1.226309
-0.278272
0.689612
-0.726285
-0.079912
-0.745929
-0.609661
-1.526248
0.043242
-0.754063
-1.474684
1.233114
0.308254
-1.101547
0.313851
0.110685
-0.975763
2.023901
-0.492409
0.278419
-0.379999
-0.262852
1.056462
-0.325042
0.139320
-0.037424
0.044592
-0.279885
-0.663387
0.743312
1.152992
-0.038762
-0.207490
-0.964322
0.105600
0.120190
0.716730
-1.628060
0.678535
1.223669
0.450536
0.888958
-0.567512
-0.241380
0.880307
0.029762
-1.958919
-0.015749
-0.606027
0.857984
0.758687
0.686539
1.332184
-0.084534
1.933904
-0.198170
-0.225715
-0.255116
-1.167198
-0.536989
-1.240376
-0.316746
1.291968
1.711897
0.497184
-0.442976
-0.963188
1.154764
-0.036028
-0.797376
0.880782
2.723909
-0.040869
-0.776566
0.905484
-0.567124
-0.579892
-0.813236
1.096438
-0.799810
-0.212382
-0.618918
-1.783272
-0.640050
1.303219
0.173799
-0.970339
-0.493195
0.293483
0.352515
-0.697251
-1.929615
-0.142316
2.730570
1.546714
-0.009048
0.069018
-1.097168
0.637671
-0.895410
2.093533
0.407267
1.295785
1.201385
0.047681
-0.601180
1.197627
-0.170619
3.034546
-1.148359
-0.146688
-0.180160
1.622811
1.005022
-1.019504
-0.491240
0.983476
-1.351419
-0.333694
-0.613509
-1.202563
-0.182566
-0.528856
-0.530890
-0.477546
0.067249
-0.480371
0.029576
-0.627822
0.471001
0.369462
-1.941115
0.620691
0.887539
-1.684725
-0.077698
-0.571668
-0.542880
-0.309778
1.401684
1.559070
-0.501845
-0.826316
-0.245622
1.162974
0.683746
0.637282
0.542330
-0.842092
-0.647232
2.311951
-0.444356
2.194184
0.206447
-1.078537
-1.517905
0.434279
-1.456948
0.607675
-0.162437
-0.161006
0.160550
1.532792
-0.577654
-0.323017
0.084813
0.172610
0.172213
-0.317598
0.073950
0.131815
0.654524
-0.858685
1.354248
1.090871
1.296665
1.373397
0.316250
-0.484905
-1.199187
-0.694964
-0.571134
1.060103
0.468492
-1.802014
-0.743018
-0.091290
1.043849
0.644363
0.831692
-0.781119
-1.901497
-0.183839
-0.272842
-0.855449
0.075395
-0.435636
-1.840266
-0.786588
1.919902
1.105736
-0.589368
-0.613307
0.274599
-0.163735
-0.155654
-0.567202
0.971579
0.817077
-1.263345
0.047105
0.864094
0.344358
0.104750
-1.344243
1.115192
1.062212
-0.710016
-0.418715
0.406422
-1.379746
1.241449
1.063129
1.106420
-0.180019
-1.296245
1.479592
0.433833
-1.651756
0.709829
0.087275
0.420000
0.893539
-0.387436
-1.791576
-0.426649
-0.112371
-0.637137
-0.871406
0.706432
-0.409789
-0.286312
0.235710
1.245904
0.154805
-0.384605
-0.007787
-0.581676
-0.393650
-0.943701
-0.281344
0.267087
-0.507197
0.797779
-1.168597
-1.540241
-0.636127
-0.557198
-2.644767
-0.161194
1.324401
-0.294374
-0.150961
0.111543
0.426629
-0.592644
0.826881
2.081961
-0.586212
0.232098
0.270355
-0.364491
0.727910
-0.838901
1.540551
-0.801560
-0.048508
-0.192770
-1.024698
0.615059
-0.748229
2.262870
1.271165
-1.356685
-0.685794
-1.170124
0.851912
0.636850
0.923869
0.151615
2.191966
1.196998
-0.627144
-0.300829
0.211754
0.320261
-1.250424
0.683145
-0.647128
-0.636204
1.061362
-0.634949
-0.915095
-0.797760
-0.491017
0.108303
0.357937
0.546204
-0.253153
-0.103978
-0.222227
0.248573
0.919962
1.474569
-0.437136
-0.145669
-1.372993
0.938551
-0.578485
-0.588238
0.231811
0.279662
0.414733
0.976188
-1.466031
-0.272243
0.807878
0.624057
-1.095722
1.684607
-1.014068
-0.316082
0.543097
-1.224914
-0.900308
-0.757682
-0.542379
-0.392054
-1.070807
-0.734754
0.464855
-0.263791
0.350543
0.611686
-1.071802
1.964171
2.663264
0.662868
0.239217
-0.068687
-0.932568
1.808483
0.580676
0.311605
0.342484
1.434510
0.239027
-0.865688
0.677394
-0.164902
1.077540
0.091950
0.615430
-0.488133
-1.795506
1.635311
0.849896
1.038989
-2.867358
0.876763
1.339110
-0.253709
-0.180391
0.827758
-1.452837
0.136042
1.693371
0.621525
-1.898280
-0.749331
-0.925669
-1.349465
-1.263280
0.254090
4.217015
0.744176
-1.395497
-1.510945
1.701518
0.380220
0.329356
-0.995367
0.451576
1.239634
0.355813
0.412624
1.167789
-0.244429
2.027416
-1.030025
0.162048
-0.143419
0.432590
2.382519
-0.085917
0.360830
-0.031750
0.410208
0.129202
0.906147
-0.592246
2.254636
0.006365
-1.990996
0.676855
0.192167
0.908038
0.287633
-0.002423
1.431464
0.357711
-1.148964
0.691385
-0.955758
-0.416432
2.014919
1.462816
-0.377660
-0.368759
-1.861225
0.972318
-1.673798
0.004586
-0.668195
-1.067999
-0.140229
-0.202884
1.616260
-1.579932
-3.065631
-0.674426
-1.308785
-0.468792
2.112702
-1.341796
-0.802334
-0.260614
0.640429
0.433545
0.858130
-0.500946
1.104845
-0.951378
0.990931
1.638826
-0.101963
-0.150489
0.942285
-2.595487
-0.121074
-0.561185
-0.770572
1.655080
-1.020801
-1.981614
1.570065
-0.470523
0.094537
2.097290
0.335916
1.035957
-0.497759
0.052079
0.938377
-0.383964
-0.641548
-1.515781
-1.929740
0.726016
-0.569285
0.609833
-0.027950
0.409606
-0.885328
0.777362
-1.812182
0.450804
-0.039662
0.506056
0.658872
-0.657140
-0.696905
0.304991
0.429017
1.513944
-0.016265
0.533637
1.590767
0.080815
-0.416561
-1.537473
1.594723
0.917560
-0.604625
0.722898
0.968338
-0.230177
-1.437725
2.055762
-1.435481
0.215517
-1.845565
0.568759
-0.710546
1.576365
1.950578
0.462593
0.304510
0.754591
0.076309
-1.230170
0.031716
0.807244
-0.619809
-0.483447
1.306288
0.112196
0.435366
-0.540959
0.319444
-1.217269
-0.968723
0.882249
0.913878
1.775964
-0.014742
0.143503
-0.348527
0.719327
0.117448
0.029440
-1.056178
0.323178
-0.338538
-0.318516
-1.074888
1.402897
-0.367263
-2.159282
0.717299
0.979525
1.534695
0.663031
1.265012
-1.350581
-0.168796
-0.335761
0.098268
-0.320398
-0.992948
0.977311
-0.705642
-1.633424
0.288414
-0.123336
-0.731729
-0.040190
1.627397
-1.149993
0.894286
1.535825
0.315662
1.023119
2.874000
0.533738
0.502697
0.973907
0.555094
-0.069085
-1.043738
-0.404954
-0.931930
-1.602756
1.215289
0.258889
0.195840
0.319345
-1.086527
0.116536
0.184533
-0.038413
-0.779763
2.175782
-0.293575
-1.854677
-1.727359
-0.185871
-1.174889
0.813153
1.002879
-0.442566
-0.890147
0.173302
-0.712562
1.870272
1.377012
-0.533329
-0.464382
-0.889513
1.276031
1.551669
3.109599
-0.251546
-0.917326
-0.204522
-0.629258
-2.452310
-1.403852
1.219128
-0.961798
-0.981370
0.261364
-0.843671
1.074161
-2.657518
0.111386
0.121767
0.073744
-2.011492
-0.476980
-0.733059
-0.031837
-0.859734
-2.268509
0.609290
-0.785549
-0.282938
-0.372328
0.108839
-0.199939
0.749179
-0.810387
-0.038135
1.425309
1.564413
-1.304651
0.849645
-0.402543
0.370472
-0.020117
0.022850
0.490031
0.166880
0.387738
0.878132
0.577364
-2.486501
-0.031261
0.106047
1.211713
0.743238
0.505761
0.749464
-0.040985
0.018307
0.988520
1.776074
-1.072712
-0.348394
-0.280653
0.440797
-1.154689
0.913202
1.289475
-1.816492
-1.686753
-0.516507
-0.263953
0.576511
-0.187498
-1.778748
0.693894
1.863048
1.285582
-0.026086
0.966029
1.258897
-2.104926
0.908386
-2.145866
-1.101471
-0.309990
-1.726410
1.023258
0.680359
0.825830
0.169887
0.270529
0.618164
-1.687208
0.172470
-1.057175
1.197746
0.444612
-1.072183
1.145412
-0.533908
0.462008
-0.051164
-1.814802
-0.065247
0.545317
-0.177220
-0.331055
-1.484325
-0.039232
0.966374
-0.708836
-1.324901
2.152954
2.928444
0.147643
1.360014
-0.074247
0.201870
0.830008
-0.220577
1.842665
0.458185
0.150631
0.493760
-1.684053
0.826224
1.255912
1.714133
-0.136533
0.662892
-0.388778
-0.075687
-1.942410
-0.151654
1.475861
-1.607353
1.027960
1.541631
0.417277
0.058032
-0.372712
-0.906325
-1.260291
0.176746
-1.209995
-0.164248
1.018795
0.572296
-0.199026
-0.171851
-1.890213
-0.946511
-1.057064
0.871954
0.375704
0.223596
-0.370793
1.338042
0.979350
0.357672
-0.268501
0.509578
0.013470
-0.732624
0.586679
0.643092
-1.167180
-1.144952
-0.009607
0.832336
0.892558
1.538174
0.314931
1.202595
1.357014
-1.252988
-1.338555
0.762893
0.448226
-0.010501
1.372664
-0.168957
-1.328557
0.563918
0.185190
1.140571
0.266264
0.105236
-1.411887
-1.279249
-1.505392
-0.467331
0.604253
0.168475
0.046059
-1.168223
-0.746976
2.034552
0.735292
0.702719
-0.776988
1.331658
-1.349974
0.097294
-0.287074
-0.114553
1.512175
-0.954671
-2.009583
-0.707779
-0.489693
2.151998
1.228555
0.383920
1.417091
0.451542
1.397156
-0.624899
0.692483
-0.173755
-0.168898
0.815100
1.333486
-2.040184
-1.323899
-0.319835
2.349127
-0.622073
-1.131816
1.633492
0.037598
0.329444
-0.811629
1.470745
-1.377685
0.436478
0.845370
1.082202
-1.390808
0.455596
-0.245767
-0.347543
0.409247
-0.736684
-1.087740
0.360136
0.290060
0.133314
0.213699
0.600135
1.849355
-1.330726
-0.059132
0.122793
-1.170419
-1.465615
-0.726112
-0.234341
0.295367
-0.760693
0.124284
-1.370224
-2.851064
-1.130554
-1.404176
-0.752493
-0.303662
-0.448588
-1.050403
1.456898
-0.724035
-0.094372
1.038762
0.424891
0.888432
0.122264
0.173848
0.573507
-0.299963
0.475056
-0.814441
1.147795
0.399293
0.777611
-0.982830
-1.013401
-0.751746
0.835048
-0.183162
-0.001953
-0.992067
-1.045095
-0.819425
1.211788
2.136244
1.514981
1.555198
-0.674799
0.828450
-0.155532
0.423110
-0.445438
-0.624662
0.281275
-0.898203
0.568665
1.742789
-0.616407
0.591711
-0.521531
-2.069991
-1.267026
0.130986
0.277150
-0.247646
-1.895954
0.965734
0.192212
1.351749
0.419214
-1.585256
-1.032529
0.048915
-0.120718
0.192834
-0.175218
2.527686
0.057416
0.544068
-1.668126
0.302070
-0.363008
0.279667
-0.439252
0.294683
1.406967
-0.655605
0.001875
-0.303368
-1.289198
-0.759503
1.982403
-2.389871
0.449976
-0.214967
-0.125134
-0.303134
-0.705896
1.314485
2.986551
-0.022360
-1.480381
-0.197065
0.859906
-0.757582
-1.184430
-0.508615
-0.918922
0.798370
0.119734
-1.759527
-0.925810
0.850748
-0.528530
1.779467
0.789404
1.328625
0.455034
-0.617869
0.423919
0.718779
1.554747
0.821984
-1.738368
-1.120455
0.760191
-0.739888
-0.954844
1.105907
0.103831
0.152886
0.343315
-0.579359
2.686633
0.839568
0.802937
-0.415144
-3.468209
1.366268
0.549558
1.023295
-0.833205
-0.721025
0.939315
-1.993868
-0.891382
-2.172605
0.254183
0.019833
-1.479384
-0.425438
-0.048396
-1.726205
-1.790707
1.889245
-1.211154
0.520764
0.166352
0.776579
0.229680
-2.246145
0.025879
0.574890
0.144965
0.048497
0.054467
1.231009
0.321747
-0.188659
-0.664913
1.539219
-0.943871
-0.775676
-0.393226
-1.545476
-0.370939
-1.741869
1.552597
1.585933
-2.171060
0.236120
0.119496
-0.145855
-1.311777
-0.051474
-0.428876
-0.467577
-2.278649
1.245253
-0.633731
0.280034
-1.701087
0.933102
0.196509
0.326507
1.622690
1.051044
-1.763364
0.702072
-0.216401
-0.779161
0.740410
0.740424
0.053053
0.990401
1.712364
-1.035970
-0.143124
-1.144867
-0.047859
0.070893
2.500848
-0.363738
-1.802564
0.326772
1.358847
1.336298
-0.006773
0.787701
0.099976
0.079426
1.832145
0.525877
-0.534836
0.488021
0.268621
0.128761
-0.762789
0.288418
-0.673114
-1.289497
0.483186
-0.778598
1.518492
1.521589
0.375395
0.733708
-1.886559
0.592605
0.848676
-2.579012
-0.315308
0.849059
-0.212894
1.556005
-0.356855
-0.787912
1.381747
0.002044
-0.571476
1.578283
0.439537
-0.665973
2.042211
0.932876
-0.145054
0.120848
0.179567
-0.141241
-0.310492
-0.853199
1.255882
1.957377
0.195225
0.055541
-0.138150
1.384516
1.498590
-0.906341
0.373517
-0.761270
0.587252
0.377684
-0.104976
-0.588969
-0.014178
1.387531
-0.896668
-1.063535
-0.453364
0.786243
0.931689
1.715797
1.907180
0.983820
-0.387223
-0.371108
1.501524
0.065497
-0.563377
-0.181977
-1.305975
-0.511697
1.149455
3.116924
0.133447
-1.192182
-0.492500
0.196472
-1.865974
1.079704
0.024914
0.274056
1.278177
0.894051
0.484694
0.093666
-0.931634
1.286261
-0.297708
0.012872
0.397039
1.881780
1.533075
1.202744
-0.862558
1.529041
2.150509
-0.100134
2.444507
-0.285228
0.451152
0.743516
0.944984
0.798213
-0.012979
-0.540044
0.784230
-0.231421
2.706261
-1.928224
-0.175525
0.110540
-0.072362
0.798003
0.995305
1.289297
-0.543258
0.268146
0.459265
0.061931
0.258717
-1.295506
-1.155643
0.017934
-0.473581
0.908783
0.331973
1.650277
-0.154314
1.278810
1.277253
0.786734
-0.248893
1.412538
-0.725938
0.969269
1.269345
-0.806560
0.224982
-0.858993
0.412572
-0.860581
-0.003945
1.265112
1.215814
-0.475709
2.007718
-0.564882
0.733985
1.306924
-1.125345
0.412041
-0.654081
-0.482588
0.867127
-0.217528
-0.146090
-0.676806
-1.409322
-0.784906
-0.509418
-0.701565
-1.042710
1.616152
-1.890526
-0.649004
1.535560
0.019177
1.116197
-1.075963
-0.491042
0.452489
0.517001
-1.079361
-0.611122
1.257331
-0.613140
-1.117276
2.170579
-0.305177
-1.518572
-1.382561
-0.229356
-1.301744
-0.245905
-0.180476
0.909708
-0.473139
-1.287943
1.099386
0.207302
-1.251939
-1.393308
0.077970
0.990311
-0.805019
-0.069020
0.896075
2.004328
-0.118562
-0.299127
-0.741754
1.478002
-0.484035
0.635455
0.472847
1.019122
-0.455320
1.403222
-0.806400
1.722358
-0.436945
-1.182583
-0.990183
-0.144577
-2.016439
1.099751
-0.593367
-0.333942
0.106106
-0.310047
0.430753
2.231952
0.107621
-0.111890
0.673337
-0.395909
0.745261
-2.437587
0.273474
2.633731
-0.003402
-0.887173
0.979156
0.470412
0.046334
1.026789
-0.213399
-0.478145
-0.190707
-0.566095
0.738904
0.974068
-0.625788
0.190711
0.577421
-1.540023
-0.255481
-0.436167
0.643971
1.401749
-0.330418
-1.407774
0.296659
-0.782484
1.554966
-1.802593
0.290886
0.409153
-0.685392
-0.392154
1.240948
-0.261715
-0.887118
0.036537
-2.005373
0.171519
-0.340635
-0.338438
0.328537
0.688008
-0.539595
1.221268
-0.228146
-2.039992
-2.097556
0.600832
-0.701115
-0.758434
0.271129
-0.847645
-0.299888
-0.383051
1.709792
-0.412319
1.128884
0.137804
0.058873
-1.147310
-0.205257
0.413290
0.229421
0.345269
-1.586526
1.241810
0.179976
-1.279263
-0.349994
0.856160
0.341732
0.009528
-0.804735
0.928058
-1.491487
-0.281672
1.414143
2.788590
0.283743
0.936369
0.972579
0.302853
0.557916
-0.048713
-0.062436
1.122871
0.357246
-1.407553
-2.461857
0.419250
-0.160444
-0.838034
0.152759
1.364613
-0.329215
0.465904
-0.887405
1.533330
0.813457
0.219103
-0.918163
0.386800
0.645420
-0.542130
-0.665696
-0.371048
0.654566
-0.195206
-1.064961
-1.346957
-0.378048
1.033410
0.213906
1.924012
0.891711
0.110169
-2.317038
0.040064
-0.218245
-0.546075
-1.032385
0.061638
2.102473
1.470945
0.019802
-0.725375
-0.807936
-0.324103
-0.165013
-0.988466
1.315551
0.075309
0.474771
-0.525478
-1.159467
-0.155783
-0.221595
-0.444487
-0.754915
0.575493
-0.023162
-0.689755
-0.493278
-0.917671
-1.079465
-1.563743
0.099353
0.305457
-1.831566
-0.228231
1.127606
-0.501882
-1.271451
-0.723294
-0.698659
0.442271
-0.533981
-1.709824
-0.752333
0.710009
0.771700
0.472763
-0.801923
-1.464233
0.614781
-0.293407
0.288122
0.079161
1.790782
1.319755
-0.281201
-0.211703
1.282056
-0.883856
1.029589
-0.622655
-1.072708
0.141148
-0.653137
-0.966598
0.986803
0.994647
-1.037691
-0.246811
0.567307
0.680678
-0.122207
-0.359442
0.694421
-0.435039
0.031963
-0.384928
0.459366
0.378147
1.301965
1.630146
-0.529491
-0.147630
0.513731
1.405909
1.086441
1.705000
-0.170261
-0.815504
0.530508
1.598737
0.424865
-0.229172
-0.764949
-0.483532
-0.146446
-0.716522
-0.421325
-0.685657
1.202699
0.587193
-0.517480
0.884189
-1.271700
0.895189
1.249099
1.727323
0.515396
-0.783883
0.862234
-0.904183
1.484267
-0.343713
-0.796572
-1.360709
-0.527283
0.589597
0.303224
2.001386
-0.458027
-1.041534
-0.065617
-0.652392
-0.269609
-0.203100
1.919401
-1.125862
-1.262770
1.061264
-0.684162
-1.122058
-0.031414
-0.606589
-1.648446
-0.873013
0.456065
-0.797771
-1.199036
-1.917745
0.428923
-0.287024
0.880738
0.510044
1.260213
-1.412465
0.344707
1.278118
0.189709
0.103963
1.846839
0.142396
-1.271679
-0.168456
1.680921
1.552234
1.506918
-0.912060
-0.531046
1.104022
-1.148531
2.576412
-0.068157
0.312860
0.294011
-0.603126
-0.164707
-1.219758
-1.085773
1.172415
0.387553
-1.076721
2.041627
-0.485972
-1.615522
-1.676900
-0.582857
0.992116
-1.334193
0.978039
-1.114914
-0.413624
-0.895584
-1.165529
-2.028241
0.554503
0.488299
-0.583172
0.157258
0.813139
-0.717969
0.677055
0.773802
-0.136283
-0.136262
-0.252872
1.494127
0.205226
0.585056
0.259005
0.683822
0.435066
-0.375763
0.061702
0.389213
0.599129
0.301526
2.447001
-0.086616
-0.910567
0.893561
-0.613607
-0.457276
0.918805
-1.390809
0.266107
-0.389080
-0.052426
-0.521778
0.024504
1.759395
0.477225
-0.312012
1.518584
0.798729
-1.368183
0.945971
-0.442512
1.483176
0.162242
0.255778
1.356810
-0.019257
-1.253535
-0.781842
0.855067
-2.412222
0.260617
0.810857
-1.085255
0.713920
0.564232
2.104550
0.705582
0.669662
-0.358888
-0.744267
0.126819
-1.832951
0.292555
-0.703896
1.858845
-0.562000
-0.743543
-0.224971
-1.098933
-0.044360
1.249891
-1.307901
-1.475092
0.297476
-0.912644
-0.318685
-1.390084
0.261409
2.830124
1.123782
-0.164193
0.142390
-0.678805
-1.077168
-0.876810
1.097148
0.596745
-0.923943
0.331364
0.593562
0.104325
0.118972
2.739654
0.263755
-2.772601
-0.466630
0.320245
1.422141
-0.829934
-1.290858
1.074672
-0.034854
-0.100848
0.585702
0.335023
0.623263
0.298221
0.229644
1.220342
-0.492202
0.042864
1.614601
0.070902
0.294533
0.277238
2.014851
0.676518
-0.341774
-0.700042
-1.506686
2.087528
-1.697074
-1.512358
0.287684
-0.677999
0.567904
1.355350
0.895330
-0.480219
0.096334
-0.579750
-0.173726
0.922155
0.204517
-0.373970
-0.142715
0.115962
0.812972
-0.254959
2.760554
0.876368
-0.373729
-1.377433
-2.854980
0.057727
-2.667918
-0.215830
-0.531100
0.585240
-0.199077
-1.114051
-1.159264
-0.331173
0.956355
-0.969608
0.655771
0.387096
-0.270849
-0.986580
1.499540
0.005330
-0.581186
1.425440
0.416830
-1.229350
0.288071
-0.787736
0.243724
-1.095806
-0.369138
-0.626957
1.979151
-0.671348
-0.452312
-0.596479
0.155211
0.069099
2.223545
1.513365
0.139009
0.477437
1.584708
-1.135331
-0.109520
1.796813
-0.047183
-0.458657
0.495484
-0.733341
0.870850
0.897942
-0.023958
-0.071352
-0.092842
-0.615245
1.470544
0.084380
0.216867
-0.049303
-0.472973
-0.260613
0.930095
2.138001
-0.789322
-0.142376
-0.351735
-0.983338
0.829316
-1.235530
-0.039582
-2.403893
-0.360670
1.100345
0.229331
-0.030155
0.798070
-0.168044
0.036210
-1.226310
-0.678705
1.466325
-1.474796
-0.563581
0.420676
0.342370
-1.457997
1.143692
0.187316
-0.722379
-0.143820
-0.294516
0.560605
0.677374
0.171699
1.904472
-0.288625
0.469790
-1.636043
0.510929
1.121634
0.488846
-0.151915
0.133828
0.251370
-0.862749
-0.050494
1.771078
-0.258903
0.130904
0.809691
-0.205129
1.138362
-1.074898
-0.769622
-0.355311
0.220963
1.136433
0.871767
1.055577
0.589540
-0.903133
-1.180248
0.769960
0.553653
-0.345146
-1.651154
2.486677
0.681262
-0.244074
0.033172
-1.682195
-2.494392
0.794958
-1.162149
0.731175
0.026900
-1.302677
0.243491
-0.617145
0.795248
0.633485
-0.770859
-0.328617
-0.351649
0.329078
-0.032855
-0.742083
0.082635
-0.806815
1.618946
-0.976600
-0.637726
0.420749
-0.282917
-1.356335
-1.100962
-0.778017
1.091904
-0.027404
-1.116083
-0.193302
-0.030526
-0.184994
0.880400
-0.104778
-1.106208
-1.203946
-0.884153
-1.548241
-0.844808
-0.348196
0.502573
-0.890629
-1.594313
-1.259937
0.993516
-0.071236
-1.590856
0.861025
-1.166919
0.873986
0.547535
0.841229
-0.902579
-0.228626
-2.673651
-0.047128
-0.133178
0.180896
-0.348015
0.413098
-0.697617
-0.366183
-0.255662
0.539327
1.296847
1.818512
-1.045163
1.610409
-0.012614
-1.121909
0.678730
0.625892
-2.057320
0.431747
0.717822
-0.811707
-0.919035
1.581073
0.440239
1.400363
0.589660
-0.902744
-0.017905
0.785201
0.775492
-0.645434
0.463589
1.173339
-0.019966
-0.663882
-3.170195
-0.224453
0.068353
-0.350242
1.376140
-1.489443
0.424269
0.105676
-0.199139
0.004309
-0.980824
-1.297890
-0.249448
-1.726205
0.243119
0.859156
-0.809664
1.415392
0.514062
-0.601525
0.208927
0.173286
-1.389956
-0.093922
-0.327173
0.895155
1.714362
-1.245948
-0.200046
-0.022929
0.102398
-0.009795
-0.706370
-0.288293
0.890389
0.020001
1.181636
0.537052
-0.489673
-0.920102
-0.535901
0.581933
-0.881884
-0.627820
-0.744555
-0.579421
0.390902
0.061762
-0.728685
-0.421623
-0.342956
-1.643298
-1.709812
-0.004652
-0.281054
-0.632270
-0.618145
0.781601
-0.127818
-0.958928
0.597691
-1.713508
-2.581692
0.955524
-0.793002
-1.181262
-1.313671
0.996888
2.345999
-0.698023
1.779684
-1.632351
1.186739
-0.837410
0.169933
-1.085442
-0.292000
0.020833
-0.340802
-0.729291
-0.032289
-0.024673
0.553680
0.705796
-0.774340
-0.064102
1.810116
-0.828716
1.323773
0.857742
-1.998680
-1.020011
0.134727
-2.100357
-1.011169
0.157218
-0.885250
-1.715933
0.304908
1.144109
0.003881
0.858725
0.203981
-0.154202
0.315356
-0.530489
-1.143618
-0.486790
0.294957
-0.337680
-0.981130
-1.827701
-0.983584
0.842507
0.799514
-0.441784
-0.274837
0.193815
1.454869
0.439613
-0.886001
0.416330
0.523978
-0.267148
-0.294324
0.015884
1.105171
0.514852
1.160059
0.425312
0.317260
-1.569490
-0.085431
0.200311
1.353342
-1.009146
-0.949262
0.197543
-1.552962
-0.284426
-0.573808
-1.668320
-0.055569
0.791602
0.159633
-0.735440
0.298890
-1.436353
-0.223748
0.404939
-1.869581
-0.021650
-0.127954
0.503272
0.060540
-1.088587
1.107753
-0.049478
0.228112
0.732041
0.003131
1.289526
-0.988555
0.723833
1.190170
1.332421
1.445733
-1.610444
-0.776571
0.803125
-0.789308
1.314440
-1.697987
-0.628637
-1.267975
0.087941
-1.477207
-0.282995
1.294432
1.082831
0.710510
1.051023
0.006950
-1.597783
-1.244507
-0.000624
0.799305
-0.336632
-1.147254
1.044455
0.316251
0.087280
-0.227085
-0.609794
0.722619
1.163537
-0.382739
0.883116
-0.070424
0.050226
-0.044023
0.775251
1.685313
0.396927
-0.540086
0.546858
0.154036
-0.121150
-0.406097
0.712505
-1.056765
0.176200
0.081684
1.437498
1.918341
-1.854878
0.862873
1.672554
-0.628971
0.372197
-0.422410
-0.598074
1.342856
-0.660638
0.819660
-0.036913
1.474819
0.523880
0.537337
0.199675
-2.658079
0.785703
1.137619
-0.716019
-1.343352
-2.340628
2.700176
1.466640
-0.865810
1.094066
-0.687193
-0.805229
-2.476764
0.030722
-0.005856
1.519628
-1.253917
0.959334
-1.205266
-0.035548
0.365186
0.603247
-0.509737
0.831157
-0.594385
0.069727
0.845501
0.720830
0.388072
0.507155
0.908606
-0.473371
-0.439249
1.519883
1.554317
-0.123783
-0.975194
-0.364363
-0.374324
-0.742936
0.586198
-1.228010
-0.648582
1.934835
-1.048956
0.682968
0.477114
-0.016510
0.005474
-0.619194
-0.941091
0.844881
0.932278
-0.270124
0.314955
1.561686
0.832084
2.207316
-0.601984
-0.345161
-0.821642
-1.871096
-0.877643
-0.481445
1.037276
0.348894
0.965851
-1.877848
0.580398
1.772602
-0.140357
-2.015341
-1.012346
-0.494743
-1.105057
0.245650
2.072850
1.415618
-1.291634
-1.953371
-0.193170
-1.920642
-1.036504
0.655785
0.824593
-0.568028
2.955027
0.236775
0.241743
-1.535528
1.650933
0.171590
-0.977809
0.049478
0.032221
1.479717
0.354087
0.348916
0.357225
0.581374
0.338648
0.066612
-0.372471
-1.377049
-0.607689
-1.133364
0.571697
0.080504
-1.190430
-1.291181
-0.212124
1.041781
-0.273540
0.845385
-0.533145
-0.423144
0.893101
2.010531
-0.451408
1.637435
0.008211
-0.093281
-0.076266
0.090711
0.359326
0.657808
-0.428244
-0.912435
0.071654
0.273709
-0.231185
-0.538669
-0.935044
0.437706
-1.920634
0.382715
-0.179890
0.929538
0.009972
-2.093803
-0.580531
-0.519611
0.413973
-0.494120
0.092515
-0.424928
0.191898
0.298151
-0.719054
-1.411711
-2.428608
0.944246
-0.110526
1.675178
-1.741299
-0.087118
0.061963
-1.307905
0.799047
0.638861
-0.806949
-1.503665
-0.127555
0.511180
0.939609
0.265697
-1.425712
0.932817
-1.755115
0.605334
-0.617540
-0.116752
1.191041
2.635480
0.847442
1.621569
0.566411
-1.015223
-0.176493
-0.031598
1.521256
-0.869606
0.009855
0.002639
-0.483567
-1.135586
-1.043960
1.317629
0.015044
0.042681
1.590843
0.071431
-0.575221
0.275675
-0.291019
-1.321729
0.039695
0.588015
0.974085
0.496578
-0.154225
-0.262258
-1.186142
-1.207135
0.283145
1.520544
0.239689
-0.396165
-0.210490
0.657271
0.267173
0.007625
1.944004
-2.635264
0.433227
-2.293031
-2.179480
-0.281392
0.152166
-0.479673
0.314585
0.931640
0.371510
0.290990
-1.064352
1.306559
-0.325965
-1.145737
0.101388
-0.554771
-0.093103
0.288108
-0.700224
0.930953
-0.358085
1.510532
1.303238
-0.598791
-0.481811
-2.107870
-0.808947
0.054842
-1.470065
-0.695601
-0.088688
1.680549
0.258966
-0.718939
1.342996
0.216132
0.815805
0.067572
0.211373
-1.373145
-0.663354
-0.273664
0.518963
-0.721830
0.327008
0.410630
-0.803276
-1.526168
1.578498
1.398467
-0.411294
0.874009
0.149810
0.769229
-1.239361
-0.107017
1.762515
1.348390
1.475840
0.336308
1.322757
0.572608
-0.566745
2.314476
-0.543600
-1.342326
0.067155
-1.530275
0.716264
-0.401206
-1.027205
0.442992
-0.182796
1.373141
1.600841
-0.523909
-1.218888
0.610397
0.059274
1.287330
1.185931
-0.183120
0.299536
-2.611740
-0.468086
-0.435240
-0.854721
-1.479086
1.273102
1.876816
1.435544
0.545881
-0.798095
1.634928
0.856916
0.619262
-0.834872
0.361016
-0.843545
-0.151847
0.455986
-0.707110
-0.922312
0.523752
-0.466615
0.947337
-0.614984
-0.189867
-1.215570
1.104147
-0.169384
-0.246897
-0.809943
-0.396460
-0.917703
-0.330244
-0.474905
1.017871
1.096445
0.835927
0.983949
-0.437845
0.149387
0.251922
-1.156482
-0.330433
-0.483394
-0.582473
-2.048198
1.734456
0.112939
-0.010772
-0.379161
0.771749
-0.074510
-0.084679
0.772854
-0.082164
0.117221
0.408801
-0.585794
1.184826
-0.236565
0.164675
0.489448
0.256256
-0.018725
-0.297431
1.785324
-0.976692
-0.120921
1.127518
-2.061473
-0.886371
1.507376
0.773322
1.094316
0.500872
-2.193991
-0.638588
-1.350826
-0.661553
1.654462
-0.448151
2.833807
-0.347123
-0.805598
0.989161
1.317750
-0.628661
-0.191497
-0.046261
1.090470
0.226949
-1.711300
-1.345880
1.547272
-0.058988
-0.267779
1.633247
-0.546716
-3.031895
0.708483
1.179163
1.231689
-0.308346
-0.018320
0.028307
-0.512686
0.347370
2.562819
0.779741
1.024910
1.127835
-0.014197
-1.162999
-0.136958
0.051950
-0.169072
-1.000936
0.224226
0.021103
0.961048
-0.168491
-0.944294
-0.756931
0.052206
0.908515
-0.438579
0.490409
0.074805
0.557967
0.214614
-1.377256
0.654552
0.381005
2.226372
0.768638
-0.920554
-0.084424
-0.253143
0.388758
0.628996
-2.775209
0.487150
0.144222
-1.036067
-0.191556
-1.447512
0.347541
-1.030854
0.382088
-1.863928
-1.262041
-0.713503
-0.846950
0.158048
-2.670804
-0.470081
-2.166457
0.787101
0.489958
2.052274
-1.183554
-0.461455
-0.423381
1.995167
1.220452
0.790603
0.693826
0.552945
0.992988
0.958903
1.089295
2.254145
0.680169
1.640304
0.638359
-0.716702
-1.194935
2.917418
-0.646080
1.229873
0.602544
-1.439401
0.397706
-1.383746
1.149515
-0.286094
-0.051439
1.909035
0.192467
-0.207100
-1.444520
-1.037247
-1.761330
-0.466189
-0.689468
-1.177874
0.730588
-1.389281
0.848765
0.582653
-0.037280
-1.965403
1.561875
-0.573974
0.015697
-0.370528
-0.137419
-0.478113
0.315012
0.530221
0.482926
-0.729059
1.702505
-0.080311
0.029715
-0.494742
0.872161
1.096212
1.303643
0.481461
-0.990376
0.641664
1.789258
0.142419
1.750696
-1.374696
0.787461
0.477932
-0.274957
-0.696320
0.377803
-1.469531
2.212250
-0.304836
-0.030085
0.577036
1.013250
1.432589
0.122784
1.065591
1.160176
0.357515
1.132488
-0.640664
0.401340
0.918018
-0.158839
1.214823
0.289196
-1.671041
-0.360772
0.794682
1.464453
0.151113
0.560926
-0.802004
0.199332
-0.557675
-0.024012
0.535046
-0.356095
2.407670
-0.364365
0.116546
-0.773433
-1.013436
0.301827
-0.479433
-1.323244
-1.047502
-0.926457
-0.832486
-0.494520
1.820000
-0.172315
-1.456333
-0.134516
0.560836
-0.585472
0.675764
0.273713
0.087950
-0.128051
-1.934719
-0.561490
-2.548337
-0.127189
-0.213808
1.091539
-0.211104
-2.065733
1.246377
1.361531
1.251717
0.479706
0.439570
-0.712557
1.822274
1.265284
0.508570
-0.380400
-0.069421
0.674531
0.756199
0.090219
0.892985
-0.694065
0.924970
1.167818
-0.801674
0.701117
-0.285274
0.746767
-1.208783
-2.808670
0.065308
-0.709052
-0.967433
-0.194512
-0.136269
-0.758378
0.195860
-0.313085
-1.921784
0.077672
-0.621147
-1.741094
-0.066703
-1.734286
-1.660018
-2.014919
1.700752
-1.394438
-2.714964
0.772132
-0.678985
-1.226453
0.253841
-0.985549
1.751888
-0.974103
-1.523487
0.632198
-1.404272
1.303197
2.008279
0.256037
1.756705
0.490982
-0.620374
-0.519733
0.872437
-0.748082
0.382853
1.089638
-0.067157
-0.268982
-0.359743
0.176090
0.212717
-1.219579
-0.578971
0.743327
1.790390
-0.358771
0.742587
1.066561
-1.002201
-0.721926
-0.027943
1.195680
-0.289844
-0.071330
0.876558
0.213219
-0.496584
0.089260
-0.421390
0.572985
0.840966
1.056925
-1.322593
-0.480568
0.748279
-0.968145
-1.336592
2.281606
1.199627
1.327604
1.400114
1.478516
-0.657391
-2.242910
-1.422869
-0.900756
-2.082705
-1.601323
0.489117
-0.868861
-0.360905
-1.367758
-0.255436
-1.164002
-0.182284
-0.447685
-0.222260
1.078083
0.453137
1.761456
-0.120447
-0.455644
-0.386784
-1.440152
1.228671
-0.509336
-0.283216
0.285647
0.763819
-0.960015
-0.253367
-0.151193
-0.473432
0.182577
-0.930313
0.669029
-1.067293
-0.535159
0.598626
-0.489600
1.243691
-2.143200
-0.286370
-0.065124
-0.976815
0.028335
0.035543
0.193633
-1.141870
-0.114450
-0.525015
-0.907141
-0.517370
0.078174
1.185476
-0.846683
0.573188
1.425033
0.857256
-0.162761
0.335155
1.689736
0.173243
-0.142823
-1.588147
-0.495454
0.147185
-1.220764
-0.377348
1.276073
1.637986
1.196806
0.278082
0.964960
2.564204
0.499334
1.393221
1.243479
0.616417
-0.429967
-0.053719
1.354825
-1.032122
0.363651
0.015514
1.018296
0.911052
-1.583865
-1.555129
-0.605482
1.518543
-1.049703
0.176963
-0.864887
-0.513944
-1.126891
0.840365
1.437077
-0.360702
-0.546851
-0.196846
0.595458
-1.615995
1.427836
1.131068
-0.648556
-0.189998
1.012712
-0.768935
-0.308992
1.147433
-1.013357
-2.559738
0.018271
0.016959
-0.338381
0.235531
0.805834
-0.589935
-0.815332
-0.100607
-0.893005
0.615367
1.494342
0.421496
2.023745
0.380140
-0.220967
-0.326201
0.039759
0.488416
0.195987
-0.637950
-1.378766
-2.321668
-0.109036
0.169514
-0.888838
-0.223966
1.680757
0.685312
-0.458579
-1.430094
0.939389
-0.122000
0.115351
0.633900
-0.396291
1.212116
-0.754869
0.069230
0.883612
0.416492
1.250966
-0.868934
0.565627
-1.588952
0.120941
0.318387
-1.115086
0.397898
-0.585064
1.723799
1.461804
0.110825
0.490393
0.081503
0.740982
-1.022894
1.067771
0.603583
-0.281128
0.031065
1.299250
-0.653371
1.533129
-0.534672
-1.342153
-0.724316
0.184924
-0.476337
-1.555350
1.242521
1.224715
-1.331319
-1.743454
0.682309
-0.363320
-0.667159
-0.018973
-0.874519
0.327218
-0.534997
-0.767390
-2.212408
-0.098319
1.158429
-0.541289
1.506504
-2.016636
1.211248
-2.303336
0.348088
-0.224857
-0.282576
-0.422891
-2.045174
-0.154502
0.980294
0.808460
0.714112
-0.432640
0.100650
0.903753
-0.844018
-0.126420
-0.347124
0.035459
-0.939407
-0.851719
-0.707877
0.815981
-0.263554
-0.186533
0.665964
-0.330519
0.181169
0.716753
1.702081
-0.541688
-1.537120
0.523707
-0.973277
-0.274906
-1.087653
0.438904
0.349433
-0.154552
-2.273093
0.228915
1.271504
0.966265
-0.031620
-0.957304
-0.910172
1.477701
-1.004038
-0.527928
0.807927
-2.193500
0.120314
-0.643305
-0.003518
-0.544397
0.018466
0.798951
-0.857101
2.388123
0.714640
0.086590
-0.334738
1.252482
1.314857
1.119721
-0.806783
-0.270386
1.288857
-0.124254
-0.541535
0.378095
-0.027487
-1.473810
-0.230461
1.119433
-0.333620
-0.970997
0.332900
0.508643
-0.888685
1.235456
-0.048648
1.530132
-0.558579
1.117056
-0.532855
-1.001235
-3.598666
-0.201108
0.757816
0.093948
-1.103571
-0.801124
0.986952
-0.541793
-1.342455
-1.202117
0.669781
0.723617
1.720870
-0.919282
0.438659
-1.521970
0.839015
-1.126071
-0.879244
0.311853
-0.067255
-1.562671
0.726694
0.643039
0.137750
-1.251318
1.390154
-0.946611
-1.837598
0.340032
1.034595
-0.180664
-0.911188
1.432887
0.386271
-0.605172
1.060413
0.069986
-0.261997
0.963245
0.601413
-1.122120
-0.385893
0.597018
-1.862928
-1.683486
-0.910818
0.448480
-0.952285
1.053479
1.253132
-0.946825
-0.860285
-2.058359
0.385213
2.102349
0.428146
1.514705
-0.457656
0.308915
-0.626420
1.948082
-0.022755
-0.594599
-1.106307
-1.648749
-0.043353
-2.826549
-0.935152
-1.461389
0.604060
-0.955539
0.496029
0.284611
-0.411246
0.166497
0.666594
0.849610
-1.014930
0.426789
0.344730
0.513450
1.131030
0.875148
0.109081
0.032920
3.189268
-0.194852
0.473180
-0.867590
0.709947
0.513207
1.038770
0.938470
-0.950924
0.885580
-0.210044
0.347168
-0.001363
0.641607
-2.896183
-1.898682
1.190522
1.104116
0.949194
0.273730
0.796536
1.349289
0.757048
0.214749
-1.207639
0.723755
0.637430
0.062255
0.997277
1.568079
-0.350478
1.682826
0.254275
-0.133048
-0.874220
-1.733126
0.680911
1.579919
1.054024
-0.854183
0.741311
1.914655
0.236068
1.200416
-0.709979
-0.938078
0.743331
1.297278
-1.455052
0.713953
-0.062022
-0.115323
0.175834
0.828376
1.455467
0.666722
-0.273948
0.794686
-0.403291
1.070556
-0.936488
-0.533049
0.431543
-0.984043
0.135518
-0.615396
1.081725
0.247411
0.180700
-0.180938
-0.775856
1.229439
-0.099098
-1.239854
0.275316
-0.091633
-0.003898
-0.153390
-0.690517
0.457680
0.933516
-1.976526
0.884056
1.229875
1.730659
0.930858
1.193522
1.007002
-1.915128
0.108146
0.644193
1.349756
-0.986956
-0.615615
-1.411558
-2.298788
0.350424
0.684659
-0.227175
0.502606
0.105147
-1.465144
-0.636491
0.705637
1.494929
0.002108
-2.120035
0.592092
-1.512210
-2.061354
0.586852
-0.415149
-0.156166
0.624419
-1.368865
-0.684221
-0.284019
-1.313349
-0.449071
0.953916
-1.111879
0.387647
-0.224828
0.783926
1.319784
-1.249057
1.842195
-0.276348
1.272758
-0.877856
-0.368740
-0.398908
-0.577803
-0.514563
-0.805829
-1.139829
0.192790
0.114651
-0.718600
-0.045872
0.655255
-0.387017
0.002194
0.326100
0.009552
0.907275
1.844861
0.801492
-0.388002
-0.419226
1.127467
0.419342
1.527605
-0.362838
0.037800
-0.202297
-2.005551
-0.352933
-0.544564
0.524588
1.091056
0.150794
0.127123
-0.082140
0.254702
0.784308
-1.050530
0.540126
-0.851446
0.656793
-0.695700
2.351882
0.504173
-1.198296
1.466786
1.499244
1.657888
-1.657971
-0.189963
-0.533095
-0.348420
-1.318776
-0.058594
-1.329710
0.088907
0.758605
-0.478684
-0.112063
1.210353
-2.656109
0.352988
0.131655
-0.849971
-0.679438
-1.428677
-1.486517
-0.065309
0.328700
-0.434396
2.051041
0.760784
0.395582
0.423754
-0.196454
-1.073421
-0.698510
-0.231019
0.313268
-1.541818
-0.054043
-0.050407
0.793018
0.743880
-0.166530
-0.854005
-0.661904
-0.008023
0.126340
0.137119
0.263814
0.102898
1.234024
-1.089150
-0.326787
-1.627509
-0.527723
-1.407863
-0.466042
-1.476030
-0.483258
-0.640547
0.074912
0.056300
-1.959847
0.442794
-0.653655
-0.892129
1.978474
1.419572
0.539971
-0.954791
-0.195103
-0.135838
1.647631
-0.614842
-0.358220
-0.495922
-0.069429
-0.680458
0.179383
-0.350161
0.588760
-0.695127
-1.142893
1.999506
-1.724682
0.799746
1.306714
-1.459123
-0.742928
1.093220
1.033015
-0.889926
-0.906886
-1.712708
0.323181
-0.276611
0.757071
-0.004912
0.058946
0.334871
0.574128
-0.034518
2.249773
0.338260
-1.085904
1.332301
-1.137217
0.288405
1.483037
0.827802
-0.330354
-0.310292
-1.040378
0.866513
0.438437
0.211403
-1.202496
0.434930
0.476870
0.970988
-1.795329
1.055925
1.007035
1.740407
-0.353249
-0.356586
0.052131
-0.658629
-1.283407
0.238723
1.547456
0.186901
-1.880869
0.405695
0.646182
1.596711
-1.156230
0.300360
0.966918
0.586428
0.654520
-1.060425
-0.658390
1.446996
-0.138970
0.003339
-0.589426
-0.944348
0.870829
-0.386425
0.204413
0.134639
-0.735895
0.436479
2.192942
-2.194419
0.557598
-0.222622
-0.517412
1.500278
-1.183764
0.461602
-0.136401
-0.598931
-1.101480
-1.957211
-1.084766
-0.308611
-1.753456
0.200415
1.959143
1.036123
-1.349702
0.483491
1.894540
1.175364
0.742465
0.407541
-2.183653
0.603240
-0.073064
0.300061
-0.780640
-0.349780
-1.323337
-0.692799
0.916753
-0.841979
0.457157
2.543620
-0.107129
1.150073
1.240829
0.974362
-0.090860
1.058578
0.448499
-0.661897
0.171026
-0.522827
0.675289
-0.362213
0.309062
-1.564085
0.371664
0.623079
1.343281
-0.795123
-1.305630
1.120100
-0.380426
-0.773826
-1.822348
0.498465
-0.161677
0.182932
-0.226156
0.754663
1.438305
0.320723
0.160649
0.485770
0.239113
-0.338026
0.108888
3.009489
-3.068937
-0.512623
-0.394258
0.546602
-0.248438
1.567295
0.307532
0.224782
-0.203265
0.828744
0.522376
-0.067913
0.988915
-1.292036
1.700453
-1.244287
0.985416
-0.218536
0.345281
0.589319
0.573525
0.440001
1.914052
-1.358489
0.863869
-0.963142
-0.244186
1.072886
0.593668
0.559348
-0.038557
-0.677377
-0.360481
0.306495
0.100351
1.245069
-0.225066
0.597020
0.144318
-0.918628
-0.066576
1.103898
0.930935
0.099603
0.141456
0.577994
-0.404497
-0.105733
-0.059861
-1.115958
-0.225717
-1.007473
-1.287370
-2.053440
-0.326253
-1.216423
0.137206
-0.402915
0.593358
0.121423
0.813762
-0.783354
0.966753
0.915069
1.063878
0.111841
1.752523
0.759506
0.373267
-0.561853
1.963923
-0.350452
0.931793
-1.119379
0.440745
3.042174
0.658514
0.622753
1.649338
-0.104157
-0.165643
-0.043199
-1.390996
1.533171
0.607955
-1.648680
0.445018
0.489585
0.197463
1.054021
2.120813
-2.003981
-1.168794
1.971219
0.603826
1.842329
0.186915
1.536820
-0.007209
0.297117
0.420279
-1.140285
-0.455096
-0.896750
-0.405614
-1.061995
-0.165844
-0.238177
-1.407887
-0.142202
-1.373366
0.197536
0.257594
0.330949
0.622917
-1.272592
-0.305265
0.092062
0.462147
-0.737743
-0.515033
-0.086434
0.533250
-0.324324
-0.049747
0.393820
1.381581
1.839321
1.953796
0.105210
1.086050
-1.048666
-1.070169
0.463866
-0.698289
0.458741
0.196975
-2.209692
-0.577870
0.261278
-0.976033
-0.799758
0.363424
0.225751
-1.066907
0.187848
0.151485
0.163780
0.692498
-0.414251
1.413049
-1.815823
-0.980658
-0.660489
0.021117
1.985759
0.317428
0.488306
-1.896711
-0.677866
0.016266
-0.260499
-0.036910
0.378865
-0.385856
0.044980
1.539984
0.471997
-0.240235
1.023075
0.720886
-0.123869
0.072867
-0.671731
-0.994046
0.991872
0.697654
2.001511
0.228290
-3.060806
-0.715001
2.259591
-0.058152
2.585551
-0.663563
0.638747
-0.755023
1.109571
-0.092972
-0.485763
-0.137922
0.005295
0.653410
-0.386649
-0.216988
-0.584966
0.077016
-1.279680
-1.156377
0.587918
0.474020
-0.270246
1.213848
-0.035293
0.500428
-0.629912
-0.147196
0.400288
-0.480437
-0.934424
0.422009
-0.950939
0.278328
-0.860882
-0.482225
-0.467986
-0.091299
1.228384
0.250340
0.111679
0.010867
0.443528
-0.395497
-0.226867
0.426299
-0.503930
0.045333
1.072561
-1.729377
0.944033
-0.418482
0.400113
0.527441
0.266624
0.543243
-0.614544
-0.239809
-0.124798
0.337410
-1.733284
-0.219138
1.419157
1.009163
-1.449184
1.182420
-0.917852
-0.965108
-0.075315
-0.904815
0.355450
1.066276
2.086622
-0.006955
0.050353
0.437652
-0.117461
-0.897985
1.309430
-2.862230
-0.731201
-1.522623
0.757574
-1.014942
0.419702
-0.736682
0.298287
-1.895087
0.672728
2.135882
0.082707
-1.827756
-1.884186
-0.014087
-1.700329
-0.111915
-1.062138
0.713005
-1.444233
0.220219
1.929276
-0.687620
-2.102743
-1.323476
0.287840
1.775151
-0.620198
-0.837147
0.689385
0.878421
-0.142346
0.635209
1.154985
0.184649
-2.457373
1.169332
0.108573
0.578478
-0.621255
0.444084
-0.325702
-0.134816
0.095704
0.765878
3.021607
-1.830308
-0.773696
-0.215674
0.049762
0.641456
-0.926809
-0.832087
-0.987876
-0.782292
-0.652935
0.617850
-0.904355
0.570678
0.487408
-0.518398
-0.959927
-0.223347
-1.040505
-1.363397
0.226620
0.387544
0.101316
-0.335101
0.182903
-0.863240
0.295023
0.393682
-1.131913
-0.023885
0.463552
-0.434714
1.001352
0.240728
0.456912
0.575453
-1.884577
0.310053
-2.034700
-0.403152
-0.507784
-0.738835
-0.668109
0.488998
-1.644755
0.589216
-0.040224
-1.433062
0.116146
-0.549097
0.447149
-1.463618
-0.282029
-0.510145
-1.249145
0.587076
1.689446
0.730372
-0.381089
0.103745
1.468570
0.528637
1.143590
-0.210822
1.099378
-1.178588
0.794947
0.193570
0.332642
0.059010
-0.231559
0.952217
1.515501
2.535182
1.745727
0.330689
-0.188046
-0.930274
1.169829
-0.618898
-0.975359
-1.929667
1.616161
0.485939
0.255805
-0.254391
0.577407
-0.174467
-1.185951
0.751519
-2.260341
0.318470
-1.933927
1.168256
1.922433
-0.975785
0.048267
0.532522
1.141807
0.212262
0.243021
-0.496109
-0.092099
-1.049314
-1.347507
1.091193
0.479052
-0.050836
-0.043130
1.645970
0.361248
-0.113959
-0.306486
-0.222271
1.639618
0.472422
-1.260397
-1.944975
-1.023985
-0.268590
-0.826695
-0.034293
0.042327
0.960435
0.459844
-0.461592
-0.585108
-0.082053
1.308907
-2.346253
-0.721112
-0.289827
-0.109034
0.451602
1.699061
-0.152180
0.887545
0.650570
0.515663
1.087997
0.030256
-0.806859
-0.606222
1.142276
0.269979
-0.482428
-2.000307
1.096034
1.523257
-1.238295
-0.151066
-0.141935
-0.664617
1.074379
0.290848
-0.431048
0.354885
-0.989318
-0.072465
-0.747278
0.836467
0.063393
0.198707
0.115373
0.574709
0.980174
-0.239793
-0.776333
1.858774
0.045425
0.372277
-1.328196
-0.202676
0.896006
-0.322332
-1.048026
-0.249896
-0.982952
1.206001
-2.006192
0.037946
0.022535
-1.370415
-1.871703
0.766020
-1.976373
0.766818
0.101247
2.135155
-1.030976
-0.837368
-0.579264
0.161532
1.947477
-0.479131
-0.702429
-1.512924
-1.176007
2.150017
-0.707805
0.832408
-0.973256
0.434867
2.420247
-0.263153
-0.838620
0.539719
-1.806706
1.056828
0.702208
-0.556051
-0.282837
0.852755
0.764695
-2.204331
1.267259
1.027503
2.053208
-1.492229
-0.702613
-1.038723
-0.606684
-0.141153
-0.503074
-0.470871
0.897599
-0.829633
0.110660
-1.812500
-0.692706
-0.245161
0.797268
0.101871
-0.186456
-1.389871
1.257064
-0.483413
2.280028
0.081458
-0.361341
-0.156702
1.492257
-1.614365
1.944744
0.024453
0.249086
0.663897
0.842369
0.807451
-1.105351
-2.201422
-0.140305
1.599747
-0.629194
1.296423
-1.311254
0.083212
-0.501267
-0.020045
0.744624
-0.493180
-0.751926
0.087855
0.029104
-0.138250
-1.108591
-0.342104
0.087679
0.402628
-2.327583
0.628815
-0.057713
2.632530
0.088622
0.014174
-0.861707
1.353501
1.064406
-0.774874
-0.311908
0.038777
0.602873
0.402585
-0.052952
-0.531505
0.573414
-0.600724
1.430901
0.037610
-1.377083
-0.227854
-0.700292
2.468800
0.824516
-0.794565
0.950575
0.167820
0.677134
-0.362855
-0.461852
-0.346987
0.238632
-1.034205
2.050573
-0.119746
0.463019
-0.452227
-0.038004
-0.075088
-1.795660
0.003054
0.691138
-3.002833
-0.059104
0.015112
-0.227290
-1.900316
0.636092
0.705096
0.080897
-0.027830
0.513956
-0.978415
-0.375509
0.195510
-1.653535
-1.303830
-2.137196
-0.502139
0.146144
0.279604
0.403968
-0.025428
0.394137
0.067610
0.657842
-1.912159
-2.163807
-0.986819
-0.647183
-0.790004
0.065131
-0.819605
-0.919702
0.130190
0.774712
-0.208672
1.732239
-0.141659
-1.848968
-1.329916
-0.930707
0.916816
2.412316
0.577915
-0.282670
0.188204
-0.696720
-0.988773
2.449755
-0.663690
-1.695348
0.869611
0.136294
-0.852284
-0.621363
-0.411378
0.880786
1.058188
-0.716801
0.507479
0.397969
-0.697636
-0.073865
-0.148633
0.183705
-0.621822
0.664708
-0.642146
1.209281
0.173291
1.089145
0.238142
-0.415797
0.713157
2.017037
-1.545026
-1.202297
-2.196543
1.632046
-1.202522
0.448449
0.923908
-0.719117
0.779869
1.371175
-0.596687
0.469742
-1.159365
-0.881790
-0.698898
0.413991
-0.267398
2.621349
0.580878
0.682323
-0.746294
0.554538
0.687288
0.721546
-0.176332
-1.998378
-1.208470
-1.186806
0.551413
-1.035300
0.543434
-0.378037
0.574356
-0.457035
-0.319575
0.567405
-0.554507
-0.246845
1.158606
-1.464608
-2.268943
0.318672
2.145637
0.284137
-0.203069
-0.032796
2.262924
-0.363165
0.449036
0.118656
-0.685890
-0.477283
0.772796
-1.028883
-0.153842
-0.949657
-0.265243
-1.044911
0.097332
-1.889266
0.809153
-1.908582
-0.352803
-0.792581
0.362791
-0.639402
1.031812
1.233953
0.359620
-1.053512
0.380609
0.279566
-1.800148
-2.058731
0.084344
0.140473
-0.475780
-0.896925
-0.479664
0.411068
-0.011307
-1.139392
0.624466
-0.731492
-0.967045
-0.580439
1.290705
-2.092304
0.547978
-0.839770
-0.462831
-0.008437
0.675359
-0.792177
0.968646
0.491246
-0.109253
0.954522
-0.357760
1.156885
0.787822
0.360325
-0.472274
-0.203261
-0.520319
-0.656796
0.052380
-0.555944
-0.924702
-1.241710
-1.030228
-1.604398
-0.223266
-0.097023
-1.019228
1.564165
2.846167
-0.698362
0.937921
0.012822
1.293127
-2.646176
0.571966
-0.725087
0.303604
-0.923416
0.385563
0.631591
0.313523
0.280034
-0.534237
0.628077
-0.046364
1.074579
1.924028
0.820601
-1.569301
0.116354
-0.554234
0.537428
1.457980
-1.425854
-1.840940
0.294978
-0.664884
1.372204
-1.660619
-0.010462
2.043049
0.493538
0.667911
1.032279
-0.145683
0.906837
1.213159
1.043308
-1.090576
-1.315253
-1.777834
0.704977
1.460441
-1.665669
0.209286
-0.057631
1.794105
-0.143555
-2.355670
1.648155
1.332692
-0.070789
-0.713680
-0.878869
-1.838681
-1.121912
0.606120
-1.257260
2.223979
-1.118704
0.800007
0.001233
-0.157596
0.057850
-1.125990
-1.581780
-0.031436
-0.497856
-0.911733
-1.040954
-0.181874
-1.698217
-1.203043
-0.015551
-1.642583
0.172680
1.443667
0.239522
1.000229
0.218854
0.191676
-0.493190
1.087961
-1.016255
0.991081
-0.482795
1.454508
0.122734
-0.366580
0.828482
1.152469
0.224089
-1.028933
0.977096
1.231666
-0.344094
0.421467
1.580928
-0.252321
0.749978
0.200515
-0.248213
-0.065256
0.965104
0.796905
-1.758269
2.220981
1.244573
0.273167
0.808918
-1.243242
-1.921302
-1.126603
-0.144385
0.024493
2.227539
-0.049879
1.291745
1.971116
-0.735308
0.976749
-0.418492
-0.867508
-1.781727
0.789102
2.243346
1.237169
-0.470577
-1.305072
1.093652
0.729809
0.919198
2.542317
1.754643
0.057545
-0.619072
1.290007
-0.049802
-1.621520
-0.562920
-0.280670
0.415215
0.390658
1.012194
0.752454
-0.421731
1.735567
1.388119
-1.470929
-0.562784
1.059419
-0.103331
0.927074
0.713790
-0.237465
0.250813
1.835686
1.541137
-1.255283
0.367620
1.688367
1.011270
1.201696
0.060950
0.550083
-0.560281
0.659133
-1.633425
-0.293385
-0.125046
1.152645
0.881048
-0.979871
-0.182175
-1.194692
-0.147652
0.287718
0.719171
-0.817004
0.828729
0.139244
0.716317
0.087047
0.187464
1.170395
-0.414862
0.614232
1.038294
1.077978
0.687893
0.678935
-0.173911
0.333678
1.306475
-0.397571
-0.660481
-0.108332
-1.255985
0.167984
0.502308
-1.845899
0.634560
-0.980364
0.178363
0.060106
-0.132948
-0.246224
-0.375886
0.976477
-0.591868
0.303759
0.817193
0.283965
0.013917
0.910891
0.726914
-1.113230
0.575382
-0.829310
-1.783890
-2.375770
-1.006992
0.439812
0.398135
-0.345521
0.190948
1.064849
-0.742557
-0.253940
1.079913
-1.437074
-0.225439
2.193803
-0.307063
-0.055066
-1.487484
-0.476207
-0.356921
-0.172967
1.285525
-0.712845
0.758616
0.063462
1.136603
1.205242
-0.072297
-1.265308
1.287679
0.680585
1.159194
1.338438
0.197772
-0.259796
-0.688817
-1.528093
0.340458
-0.643651
-0.318144
1.414799
0.887404
0.098886
-0.100089
2.085194
-0.833796
-0.250253
0.114695
-1.148865
0.105583
-1.224364
-1.094959
1.066628
0.148287
-0.338753
0.286938
0.036106
-0.919789
-0.730643
0.793043
-1.267894
0.153157
0.141740
0.246401
0.770189
-0.090700
0.147048
-0.320596
0.124989
0.322564
-1.455236
-0.817940
1.567538
0.108620
-0.846227
0.245368
-0.134000
0.427213
0.948571
-0.540637
-0.942976
0.159491
-0.325432
-1.042888
0.081442
1.448581
0.284641
0.788313
0.147094
-0.264749
-0.775316
-1.590298
0.668764
-0.726424
-0.836780
-0.702127
-1.359802
0.050226
-0.009177
0.445322
0.815025
0.311345
0.533630
1.184801
2.395148
0.088735
-0.630359
-1.059254
0.882690
-1.434416
-0.273539
-2.010605
0.030153
-0.879856
1.323481
-1.027065
0.179688
-1.429939
-0.350209
0.374980
1.524889
0.134880
-1.085602
-0.291569
-0.312156
1.340531
-0.456411
-0.551711
-0.177023
0.554171
-2.312804
0.563551
-1.665139
1.014401
0.430346
0.678558
0.073778
0.505163
0.804758
-1.038803
-1.354008
-1.916767
0.089245
0.101205
0.238379
1.437786
0.860495
-1.447323
0.870358
-0.096656
0.540111
-1.126451
0.723052
0.756299
0.166054
-0.595348
-1.400886
-2.373184
-1.386992
-0.599730
0.111184
0.446603
-1.149903
-0.319458
-0.165571
0.282431
-0.138035
-0.554813
0.298671
1.775726
-0.170023
-0.190817
-1.867628
-0.191931
0.916936
2.356171
1.449359
0.625763
0.051951
-0.359305
0.012064
-0.610773
-1.955286
-1.053572
0.939687
-0.426205
1.498411
1.077799
-1.019006
0.169162
-0.778082
-0.552576
-1.232417
1.067954
0.134948
1.609605
0.301743
-0.014444
0.321512
-0.992916
-0.594323
0.365576
-0.933041
0.827789
0.992595
-0.713330
-0.081111
-0.268537
-0.180946
0.880451
1.194231
1.096586
-0.183850
0.194755
0.207218
-0.344181
-0.297162
1.440174
1.421057
0.795723
0.110887
1.003990
-0.433812
0.140890
0.936866
-0.118366
-1.166396
0.330905
-0.100906
0.251421
-0.385129
-0.015397
-0.612445
-0.815688
0.625727
-0.942474
-0.243180
-1.212061
-0.384068
-1.308597
0.273930
0.115338
-0.092294
-0.084065
-0.995477
-1.495935
-0.747202
-0.185499
-1.335600
-1.111872
-1.466985
0.032582
-0.662487
0.222541
-0.731672
1.055078
0.688155
-1.329744
-0.155749
0.736793
-1.398497
1.110158
-0.256654
-1.695768
-0.603177
2.825891
0.018473
-1.439539
-1.599663
-1.044523
-0.675087
1.284705
0.804095
0.310201
1.158980
0.202787
1.057032
-0.756287